,_id,CH_SYMBOL,CH_SERIES,CH_MARKET_TYPE,CH_TRADE_HIGH_PRICE,CH_TRADE_LOW_PRICE,CH_OPENING_PRICE,CH_CLOSING_PRICE,CH_LAST_TRADED_PRICE,CH_PREVIOUS_CLS_PRICE,CH_TOT_TRADED_QTY,CH_TOT_TRADED_VAL,CH_52WEEK_HIGH_PRICE,CH_52WEEK_LOW_PRICE,CH_TOTAL_TRADES,CH_ISIN,CH_TIMESTAMP,TIMESTAMP,createdAt,updatedAt,__v,VWAP,mTIMESTAMP,CA
0,616eb37f2137b10008e73083,GANESHHOUC,EQ,N,213.8,202.35,205.3,202.35,202.35,212.95,63544,13042990.1,230.0,24.1,1915,INE460C01014,2021-10-19,2021-10-18T18:30:00.000Z,2021-10-19T12:01:03.754Z,2021-10-19T12:01:03.754Z,0,205.26,19-Oct-2021,
1,61700bebffea140009a399b4,GANESHHOUC,EQ,N,200.2,192.25,194.0,192.4,192.25,202.35,133665,25903637.2,230.0,24.1,1817,INE460C01014,2021-10-20,2021-10-19T18:30:00.000Z,2021-10-20T12:30:35.091Z,2021-10-20T12:30:35.091Z,0,193.8,20-Oct-2021,
2,61715663facf5c0008bb18bf,GANESHHOUC,EQ,N,202.0,188.25,188.25,202.0,202.0,192.4,87154,17449047.65,230.0,24.1,1173,INE460C01014,2021-10-21,2021-10-20T18:30:00.000Z,2021-10-21T12:00:35.188Z,2021-10-21T12:00:35.188Z,0,200.21,21-Oct-2021,
3,6172a8012dc18f00080fe154,GANESHHOUC,EQ,N,211.8,195.0,209.7,202.05,202.8,202.0,103751,21172493.35,230.0,24.1,2904,INE460C01014,2021-10-22,2021-10-21T18:30:00.000Z,2021-10-22T12:01:05.686Z,2021-10-22T12:01:05.686Z,0,204.07,22-Oct-2021,
4,61769c5ddb443b0008c8e798,GANESHHOUC,EQ,N,207.0,191.95,203.0,192.45,191.95,202.05,50408,9797986.8,230.0,24.2,1177,INE460C01014,2021-10-25,2021-10-24T18:30:00.000Z,2021-10-25T12:00:29.747Z,2021-10-25T12:00:29.747Z,0,194.37,25-Oct-2021,
5,6177ee002ed3fb00087dedaf,GANESHHOUC,EQ,N,202.05,189.0,195.0,202.05,202.05,192.45,83328,16387809.6,230.0,24.2,2163,INE460C01014,2021-10-26,2021-10-25T18:30:00.000Z,2021-10-26T12:01:04.708Z,2021-10-26T12:01:04.708Z,0,196.67,26-Oct-2021,
6,61793f877220a800093c6cfb,GANESHHOUC,EQ,N,212.15,203.45,204.0,207.4,206.0,202.05,82394,17228770.55,230.0,24.2,1242,INE460C01014,2021-10-27,2021-10-26T18:30:00.000Z,2021-10-27T12:01:11.201Z,2021-10-27T12:01:11.201Z,0,209.1,27-Oct-2021,
7,617a90e4b698860008b70a55,GANESHHOUC,EQ,N,210.4,201.5,210.4,203.2,202.1,207.4,34281,7033994.4,230.0,24.2,559,INE460C01014,2021-10-28,2021-10-27T18:30:00.000Z,2021-10-28T12:00:36.972Z,2021-10-28T12:00:36.972Z,0,205.19,28-Oct-2021,
8,6139f7689241480008a1a93e,GANESHHOUC,EQ,N,161.0,150.35,153.9,158.0,160.9,153.65,185159,28811767.05,161.9,24.1,2654,INE460C01014,2021-09-09,2021-09-08T18:30:00.000Z,2021-09-09T12:00:40.744Z,2021-09-09T12:00:40.744Z,0,155.61,09-Sep-2021,
9,613f3d5d66f15f0008394729,GANESHHOUC,EQ,N,168.7,152.0,160.25,162.7,161.95,158.0,237113,38355549.65,168.7,24.1,4427,INE460C01014,2021-09-13,2021-09-12T18:30:00.000Z,2021-09-13T12:00:29.153Z,2021-09-13T12:00:29.153Z,0,161.76,13-Sep-2021,
10,61408f028b051b0009545179,GANESHHOUC,EQ,N,171.0,163.15,164.5,165.95,165.5,162.7,146402,24478183.2,171.0,24.1,2818,INE460C01014,2021-09-14,2021-09-13T18:30:00.000Z,2021-09-14T12:01:06.091Z,2021-09-14T12:01:06.091Z,0,167.2,14-Sep-2021,
11,6141e06452f3510008866e57,GANESHHOUC,EQ,N,182.0,165.0,165.0,176.35,179.8,165.95,395156,68290808.0,182.0,24.1,3893,INE460C01014,2021-09-15,2021-09-14T18:30:00.000Z,2021-09-15T12:00:36.775Z,2021-09-15T12:00:36.775Z,0,172.82,15-Sep-2021,
12,614331dd4189570008859b19,GANESHHOUC,EQ,N,184.1,172.35,181.0,175.9,175.5,176.35,164269,29216759.85,184.1,24.1,4916,INE460C01014,2021-09-16,2021-09-15T18:30:00.000Z,2021-09-16T12:00:29.258Z,2021-09-16T12:00:29.258Z,0,177.86,16-Sep-2021,
13,6144837f7f66a40008755495,GANESHHOUC,EQ,N,177.5,167.15,175.0,167.25,167.65,175.9,91789,15491338.1,184.1,24.1,1217,INE460C01014,2021-09-17,2021-09-16T18:30:00.000Z,2021-09-17T12:01:03.975Z,2021-09-17T12:01:03.975Z,0,168.77,17-Sep-2021,
14,614877e4e0fcf60008e51464,GANESHHOUC,EQ,N,167.0,158.9,167.0,159.1,158.9,167.25,81429,13013631.95,184.1,24.1,1002,INE460C01014,2021-09-20,2021-09-19T18:30:00.000Z,2021-09-20T12:00:36.669Z,2021-09-20T12:00:36.669Z,0,159.82,20-Sep-2021,
15,6149c97fbf6def0009839e37,GANESHHOUC,EQ,N,158.75,151.15,158.75,153.0,152.5,159.1,72327,11065489.95,184.1,24.1,1052,INE460C01014,2021-09-21,2021-09-20T18:30:00.000Z,2021-09-21T12:01:03.998Z,2021-09-21T12:01:03.998Z,0,152.99,21-Sep-2021,"[{'symbol': 'GANESHHOUC', 'series': 'EQ', 'ind': '-', 'faceVal': '10', 'subject': ' Annual General Meeting', 'exDate': '21-Sep-2021', 'recDate': '-', 'bcStartDate': '23-Sep-2021', 'bcEndDate': '29-Sep-2021', 'ndStartDate': '-', 'comp': 'Ganesh Housing Corporation Limited', 'isin': 'INE460C01014', 'ndEndDate': '-', 'caBroadcastDate': None}]"
16,614b1afef6172a0008df40a5,GANESHHOUC,EQ,N,160.0,149.0,149.0,150.4,149.55,153.0,63138,9744635.7,184.1,24.1,1030,INE460C01014,2021-09-22,2021-09-21T18:30:00.000Z,2021-09-22T12:01:02.406Z,2021-09-22T12:01:02.406Z,0,154.34,22-Sep-2021,
17,614c6c63a3bb370008f0ff5b,GANESHHOUC,EQ,N,157.9,151.85,152.7,157.9,157.9,150.4,109663,17217981.65,184.1,24.1,685,INE460C01014,2021-09-23,2021-09-22T18:30:00.000Z,2021-09-23T12:00:35.760Z,2021-09-23T12:00:35.760Z,0,157.01,23-Sep-2021,
18,614dbde185b99100093143ae,GANESHHOUC,EQ,N,165.7,153.4,159.8,162.7,162.8,157.9,109459,17783667.1,184.1,24.1,1910,INE460C01014,2021-09-24,2021-09-23T18:30:00.000Z,2021-09-24T12:00:33.529Z,2021-09-24T12:00:33.529Z,0,162.47,24-Sep-2021,
19,6151b27ec3f15b0008afe249,GANESHHOUC,EQ,N,166.85,158.15,158.15,158.75,159.65,162.7,38634,6253662.4,184.1,24.1,831,INE460C01014,2021-09-27,2021-09-26T18:30:00.000Z,2021-09-27T12:01:02.764Z,2021-09-27T12:01:02.764Z,0,161.87,27-Sep-2021,
20,615304074a501f0008b25b04,GANESHHOUC,EQ,N,164.4,154.0,164.4,156.15,155.0,158.75,45159,7082889.7,184.1,24.1,1183,INE460C01014,2021-09-28,2021-09-27T18:30:00.000Z,2021-09-28T12:01:11.594Z,2021-09-28T12:01:11.594Z,0,156.84,28-Sep-2021,
21,6154557e4a501f0008e4ca41,GANESHHOUC,EQ,N,160.5,152.5,153.0,159.2,159.0,156.15,39704,6298382.35,184.1,24.1,733,INE460C01014,2021-09-29,2021-09-28T18:30:00.000Z,2021-09-29T12:01:02.974Z,2021-09-29T12:01:02.974Z,0,158.63,29-Sep-2021,
22,6155a70059568200081765c0,GANESHHOUC,EQ,N,167.0,159.05,161.9,165.95,165.25,159.2,111323,18352844.8,184.1,24.1,1670,INE460C01014,2021-09-30,2021-09-29T18:30:00.000Z,2021-09-30T12:01:04.443Z,2021-09-30T12:01:04.443Z,0,164.86,30-Sep-2021,
23,6156f85d00c38500086c2f23,GANESHHOUC,EQ,N,173.9,161.5,166.95,171.75,170.25,165.95,76348,12861493.25,184.1,24.1,1535,INE460C01014,2021-10-01,2021-09-30T18:30:00.000Z,2021-10-01T12:00:29.425Z,2021-10-01T12:00:29.425Z,0,168.46,01-Oct-2021,
24,615aed0000c38500088dfbac,GANESHHOUC,EQ,N,175.0,168.9,174.0,172.95,172.1,171.75,53615,9244449.35,184.1,24.1,1628,INE460C01014,2021-10-04,2021-10-03T18:30:00.000Z,2021-10-04T12:01:04.220Z,2021-10-04T12:01:04.220Z,0,172.42,04-Oct-2021,
25,615c3e641728530008f0abe7,GANESHHOUC,EQ,N,176.0,168.5,173.8,175.0,176.0,172.95,60473,10474098.4,184.1,24.1,1693,INE460C01014,2021-10-05,2021-10-04T18:30:00.000Z,2021-10-05T12:00:36.962Z,2021-10-05T12:00:36.962Z,0,173.2,05-Oct-2021,
26,615d8fe27c2c3b00089fff55,GANESHHOUC,EQ,N,183.5,172.25,176.6,182.3,183.05,175.0,218073,39311310.1,184.1,24.1,2791,INE460C01014,2021-10-06,2021-10-05T18:30:00.000Z,2021-10-06T12:00:34.788Z,2021-10-06T12:00:34.788Z,0,180.27,06-Oct-2021,
27,615ee162c7aa9800089780a5,GANESHHOUC,EQ,N,191.4,177.4,185.0,191.4,191.4,182.3,412510,78097618.95,191.4,24.1,2584,INE460C01014,2021-10-07,2021-10-06T18:30:00.000Z,2021-10-07T12:00:34.416Z,2021-10-07T12:00:34.416Z,0,189.32,07-Oct-2021,
28,616032fe31c1ce0008cb0033,GANESHHOUC,EQ,N,200.95,195.15,197.0,200.95,200.95,191.4,273888,54634908.35,200.95,24.1,1902,INE460C01014,2021-10-08,2021-10-07T18:30:00.000Z,2021-10-08T12:01:02.123Z,2021-10-08T12:01:02.123Z,0,199.48,08-Oct-2021,
29,61644a8b1ffdf40008ba3b86,GANESHHOUC,EQ,N,210.95,201.05,205.0,206.4,202.0,200.95,371235,77260434.2,210.95,24.1,2892,INE460C01014,2021-10-11,2021-10-10T18:30:00.000Z,2021-10-11T14:30:35.200Z,2021-10-11T14:30:35.200Z,0,208.12,11-Oct-2021,
30,616578fe60745c000893713a,GANESHHOUC,EQ,N,211.5,196.1,202.5,207.75,205.45,206.4,254459,51698053.0,211.5,24.1,4020,INE460C01014,2021-10-12,2021-10-11T18:30:00.000Z,2021-10-12T12:01:02.331Z,2021-10-12T12:01:02.331Z,0,203.17,12-Oct-2021,
31,6166ca6473e7b00008258b1a,GANESHHOUC,EQ,N,218.1,203.1,211.0,217.8,218.1,207.75,396973,84848163.9,218.1,24.1,4434,INE460C01014,2021-10-13,2021-10-12T18:30:00.000Z,2021-10-13T12:00:36.703Z,2021-10-13T12:00:36.703Z,0,213.74,13-Oct-2021,
32,61681c0003a7b2000873e10b,GANESHHOUC,EQ,N,228.65,210.35,222.0,223.1,228.5,217.8,587299,129845342.6,228.65,24.1,7886,INE460C01014,2021-10-14,2021-10-13T18:30:00.000Z,2021-10-14T12:01:04.189Z,2021-10-14T12:01:04.189Z,0,221.09,14-Oct-2021,
33,616d61e181039a0008f76039,GANESHHOUC,EQ,N,230.0,211.95,230.0,212.95,213.8,223.1,136573,30121369.05,230.0,24.1,3898,INE460C01014,2021-10-18,2021-10-17T18:30:00.000Z,2021-10-18T12:00:33.280Z,2021-10-18T12:00:33.280Z,0,220.55,18-Oct-2021,
34,616eb37f2137b10008e73083,GANESHHOUC,EQ,N,213.8,202.35,205.3,202.35,202.35,212.95,63544,13042990.1,230.0,24.1,1915,INE460C01014,2021-10-19,2021-10-18T18:30:00.000Z,2021-10-19T12:01:03.754Z,2021-10-19T12:01:03.754Z,0,205.26,19-Oct-2021,
35,6107de804c6c270008f21a06,GANESHHOUC,EQ,N,112.0,106.4,108.9,108.4,108.25,107.25,29403,3189352.05,125.9,24.1,557,INE460C01014,2021-08-02,2021-08-01T18:30:00.000Z,2021-08-02T12:01:04.465Z,2021-08-02T12:01:04.465Z,0,108.47,02-Aug-2021,
36,61092fe3ddfad700096fdb1b,GANESHHOUC,EQ,N,113.8,108.55,110.6,113.8,113.8,108.4,44508,5053177.3,125.9,24.1,315,INE460C01014,2021-08-03,2021-08-02T18:30:00.000Z,2021-08-03T12:00:35.800Z,2021-08-03T12:00:35.800Z,0,113.53,03-Aug-2021,
37,610a815eddfad70009999023,GANESHHOUC,EQ,N,119.45,110.0,114.95,119.35,119.45,113.8,211026,24988903.85,125.9,24.1,1569,INE460C01014,2021-08-04,2021-08-03T18:30:00.000Z,2021-08-04T12:00:30.368Z,2021-08-04T12:00:30.368Z,0,118.42,04-Aug-2021,
38,610bd301c5cd9d0008592469,GANESHHOUC,EQ,N,119.0,113.8,119.0,114.7,113.8,119.35,21336,2470898.2,125.9,24.1,450,INE460C01014,2021-08-05,2021-08-04T18:30:00.000Z,2021-08-05T12:01:05.826Z,2021-08-05T12:01:05.826Z,0,115.81,05-Aug-2021,
39,610d24631ad12f0009efaaaa,GANESHHOUC,EQ,N,117.95,114.4,117.95,115.05,114.45,114.7,35433,4110325.75,125.9,24.1,347,INE460C01014,2021-08-06,2021-08-05T18:30:00.000Z,2021-08-06T12:00:35.640Z,2021-08-06T12:00:35.640Z,0,116.0,06-Aug-2021,
40,611118e24df23100084eaac9,GANESHHOUC,EQ,N,118.0,112.05,118.0,116.2,116.5,115.05,34084,3936823.15,125.9,24.1,275,INE460C01014,2021-08-09,2021-08-08T18:30:00.000Z,2021-08-09T12:00:34.990Z,2021-08-09T12:00:34.990Z,0,115.5,09-Aug-2021,
41,61126a64cce4c4000859312e,GANESHHOUC,EQ,N,121.45,111.2,118.0,116.25,116.0,116.2,91155,10631534.9,125.9,24.1,911,INE460C01014,2021-08-10,2021-08-09T18:30:00.000Z,2021-08-10T12:00:36.707Z,2021-08-10T12:00:36.707Z,0,116.63,10-Aug-2021,
42,6113bbdd3759be00081122b7,GANESHHOUC,EQ,N,118.0,106.0,114.1,116.5,116.0,116.25,77292,8618732.4,125.9,24.1,730,INE460C01014,2021-08-11,2021-08-10T18:30:00.000Z,2021-08-11T12:00:29.201Z,2021-08-11T12:00:29.201Z,0,111.51,11-Aug-2021,
43,61150d63ea5aa20008b5ee9b,GANESHHOUC,EQ,N,117.85,114.05,115.7,116.5,116.5,116.5,17856,2073219.3,125.9,24.1,254,INE460C01014,2021-08-12,2021-08-11T18:30:00.000Z,2021-08-12T12:00:35.325Z,2021-08-12T12:00:35.325Z,0,116.11,12-Aug-2021,
44,61165ee55fd7730008dabe8c,GANESHHOUC,EQ,N,128.0,113.35,114.35,124.35,124.5,116.5,117692,14570390.05,128.0,24.1,2181,INE460C01014,2021-08-13,2021-08-12T18:30:00.000Z,2021-08-13T12:00:37.285Z,2021-08-13T12:00:37.285Z,0,123.8,13-Aug-2021,
45,611a5362cce4c4000835c19b,GANESHHOUC,EQ,N,128.0,119.0,124.75,125.55,128.0,124.35,93058,11506373.4,128.0,24.1,1163,INE460C01014,2021-08-16,2021-08-15T18:30:00.000Z,2021-08-16T12:00:34.790Z,2021-08-16T12:00:34.790Z,0,123.65,16-Aug-2021,
46,611ba502cce4c4000862ac08,GANESHHOUC,EQ,N,127.75,121.0,125.55,125.95,125.1,125.55,57894,7278434.5,128.0,24.1,1266,INE460C01014,2021-08-17,2021-08-16T18:30:00.000Z,2021-08-17T12:01:06.188Z,2021-08-17T12:01:06.188Z,0,125.72,17-Aug-2021,
47,611cf664913015000809b939,GANESHHOUC,EQ,N,134.75,122.2,124.5,130.7,131.4,125.95,175879,22736935.5,134.75,24.1,2885,INE460C01014,2021-08-18,2021-08-17T18:30:00.000Z,2021-08-18T12:00:36.939Z,2021-08-18T12:00:36.939Z,0,129.28,18-Aug-2021,
48,611f9963d448d000082abfc2,GANESHHOUC,EQ,N,132.55,121.25,132.55,123.95,121.3,130.7,108387,13632351.05,134.75,24.1,1173,INE460C01014,2021-08-20,2021-08-19T18:30:00.000Z,2021-08-20T12:00:35.194Z,2021-08-20T12:00:35.194Z,0,125.77,20-Aug-2021,
49,61238de38095fa0008ef25bf,GANESHHOUC,EQ,N,123.9,115.95,121.7,118.75,117.3,123.95,96652,11548698.85,134.75,24.1,1029,INE460C01014,2021-08-23,2021-08-22T18:30:00.000Z,2021-08-23T12:00:35.050Z,2021-08-23T12:00:35.050Z,0,119.49,23-Aug-2021,
50,6124df80a939250008519a1c,GANESHHOUC,EQ,N,119.9,112.75,117.3,114.2,114.5,118.75,84934,9844507.45,134.75,24.1,898,INE460C01014,2021-08-24,2021-08-23T18:30:00.000Z,2021-08-24T12:01:04.727Z,2021-08-24T12:01:04.727Z,0,115.91,24-Aug-2021,
51,612630dc2596f300080589b8,GANESHHOUC,EQ,N,117.5,112.45,114.2,116.05,115.5,114.2,29636,3413341.55,134.75,24.1,397,INE460C01014,2021-08-25,2021-08-24T18:30:00.000Z,2021-08-25T12:00:28.926Z,2021-08-25T12:00:28.926Z,0,115.18,25-Aug-2021,
52,612782672596f300080592e8,GANESHHOUC,EQ,N,124.85,115.05,117.05,122.6,123.9,116.05,45026,5436065.5,134.75,24.1,699,INE460C01014,2021-08-26,2021-08-25T18:30:00.000Z,2021-08-26T12:00:39.587Z,2021-08-26T12:00:39.587Z,0,120.73,26-Aug-2021,
53,6128d40091221d0009d5aca5,GANESHHOUC,EQ,N,134.85,121.2,121.2,134.85,134.85,122.6,126648,16595645.1,134.85,24.1,1233,INE460C01014,2021-08-27,2021-08-26T18:30:00.000Z,2021-08-27T12:01:04.079Z,2021-08-27T12:01:04.079Z,0,131.04,27-Aug-2021,
54,612cc866f99d720008a94ddf,GANESHHOUC,EQ,N,141.55,131.05,137.0,133.05,131.05,134.85,190077,26099910.9,141.55,24.1,2867,INE460C01014,2021-08-30,2021-08-29T18:30:00.000Z,2021-08-30T12:00:38.555Z,2021-08-30T12:00:38.555Z,0,137.31,30-Aug-2021,
55,612e19deeb0c130008138857,GANESHHOUC,EQ,N,134.3,128.0,133.95,128.95,129.0,133.05,29449,3838649.25,141.55,24.1,779,INE460C01014,2021-08-31,2021-08-30T18:30:00.000Z,2021-08-31T12:00:30.384Z,2021-08-31T12:00:30.384Z,0,130.35,31-Aug-2021,
56,612f6b63fca57e0008dc53d6,GANESHHOUC,EQ,N,131.5,125.25,130.0,126.3,125.7,128.95,31630,4041344.7,141.55,24.1,633,INE460C01014,2021-09-01,2021-08-31T18:30:00.000Z,2021-09-01T12:00:35.860Z,2021-09-01T12:00:35.860Z,0,127.77,01-Sep-2021,
57,6130bcdfadef1200085046e1,GANESHHOUC,EQ,N,138.9,125.05,127.0,130.05,130.9,126.3,335699,45762037.65,141.55,24.1,3345,INE460C01014,2021-09-02,2021-09-01T18:30:00.000Z,2021-09-02T12:00:31.041Z,2021-09-02T12:00:31.041Z,0,136.32,02-Sep-2021,
58,61320e804f4d7600089d8ff5,GANESHHOUC,EQ,N,143.05,128.0,130.0,142.9,143.05,130.05,486641,67815951.2,143.05,24.1,5072,INE460C01014,2021-09-03,2021-09-02T18:30:00.000Z,2021-09-03T12:01:04.514Z,2021-09-03T12:01:04.514Z,0,139.36,03-Sep-2021,
59,613602e466f15f00089e92e0,GANESHHOUC,EQ,N,157.15,139.25,144.9,156.95,157.15,142.9,548549,84271535.45,157.15,24.1,7179,INE460C01014,2021-09-06,2021-09-05T18:30:00.000Z,2021-09-06T12:00:36.433Z,2021-09-06T12:00:36.433Z,0,153.63,06-Sep-2021,
60,6137547feb333d0008c0f01a,GANESHHOUC,EQ,N,161.9,143.15,160.0,144.15,143.6,156.95,282881,42015749.5,161.9,24.1,6143,INE460C01014,2021-09-07,2021-09-06T18:30:00.000Z,2021-09-07T12:01:03.893Z,2021-09-07T12:01:03.893Z,0,148.53,07-Sep-2021,
61,6138a5dd5a558200095d36ae,GANESHHOUC,EQ,N,156.7,141.5,144.0,153.65,150.3,144.15,205788,30910143.45,161.9,24.1,5525,INE460C01014,2021-09-08,2021-09-07T18:30:00.000Z,2021-09-08T12:00:29.291Z,2021-09-08T12:00:29.291Z,0,150.2,08-Sep-2021,
62,6139f7689241480008a1a93e,GANESHHOUC,EQ,N,161.0,150.35,153.9,158.0,160.9,153.65,185159,28811767.05,161.9,24.1,2654,INE460C01014,2021-09-09,2021-09-08T18:30:00.000Z,2021-09-09T12:00:40.744Z,2021-09-09T12:00:40.744Z,0,155.61,09-Sep-2021,
63,60f6bae2874e330008166f12,GANESHHOUC,EQ,N,123.35,119.25,120.25,120.15,120.0,125.5,55962,6746224.15,123.35,23.8,502,INE460C01014,2021-07-20,2021-07-19T18:30:00.000Z,2021-07-20T12:00:34.864Z,2021-07-20T12:00:34.864Z,0,120.55,20-Jul-2021,
64,60f95e00caa69600097210bc,GANESHHOUC,EQ,N,125.9,114.15,121.95,115.05,114.15,120.15,63585,7550880.05,125.9,23.8,866,INE460C01014,2021-07-22,2021-07-21T18:30:00.000Z,2021-07-22T12:01:04.258Z,2021-07-22T12:01:04.258Z,0,118.75,22-Jul-2021,
65,60faaf81874e3300088b0d9a,GANESHHOUC,EQ,N,114.0,109.3,114.0,110.65,109.3,115.05,36090,3982673.4,125.9,23.8,478,INE460C01014,2021-07-23,2021-07-22T18:30:00.000Z,2021-07-23T12:01:05.779Z,2021-07-23T12:01:05.779Z,0,110.35,23-Jul-2021,
66,60fea3e35e75500008861e50,GANESHHOUC,EQ,N,115.95,108.15,109.9,113.2,112.05,110.65,32697,3668742.25,125.9,24.1,708,INE460C01014,2021-07-26,2021-07-25T18:30:00.000Z,2021-07-26T12:00:35.320Z,2021-07-26T12:00:35.320Z,0,112.2,26-Jul-2021,
67,60fff5803b69e400088b8d84,GANESHHOUC,EQ,N,117.35,107.55,115.05,108.85,107.55,113.2,87556,9757525.85,125.9,24.1,900,INE460C01014,2021-07-27,2021-07-26T18:30:00.000Z,2021-07-27T12:01:04.301Z,2021-07-27T12:01:04.301Z,0,111.44,27-Jul-2021,
68,61014700a8ea98000873cfb1,GANESHHOUC,EQ,N,109.8,105.25,107.55,106.3,108.4,108.85,29673,3171105.9,125.9,24.1,465,INE460C01014,2021-07-28,2021-07-27T18:30:00.000Z,2021-07-28T12:01:04.265Z,2021-07-28T12:01:04.265Z,0,106.87,28-Jul-2021,
69,61029881ebb5b0000893819d,GANESHHOUC,EQ,N,111.6,103.65,108.0,111.6,111.6,106.3,33626,3680602.45,125.9,24.1,586,INE460C01014,2021-07-29,2021-07-28T18:30:00.000Z,2021-07-29T12:01:05.856Z,2021-07-29T12:01:05.856Z,0,109.46,29-Jul-2021,
70,6103ea01ebb5b00008cf57c1,GANESHHOUC,EQ,N,114.95,106.35,111.5,107.25,106.5,111.6,44749,4955600.6,125.9,24.1,908,INE460C01014,2021-07-30,2021-07-29T18:30:00.000Z,2021-07-30T12:01:05.776Z,2021-07-30T12:01:05.776Z,0,110.74,30-Jul-2021,
71,609bc380c132690009f001b4,GANESHHOUC,EQ,N,70.35,65.0,70.35,65.55,65.5,67.9,61811,4071232.8,88.0,19.6,537,INE460C01014,2021-05-12,2021-05-11T18:30:00.000Z,2021-05-12T12:01:04.084Z,2021-05-12T12:01:04.084Z,0,65.87,12-May-2021,
72,609e6680885aee00088f496a,GANESHHOUC,EQ,N,69.9,65.1,65.65,65.5,65.1,65.55,37074,2462809.4,88.0,19.6,407,INE460C01014,2021-05-14,2021-05-13T18:30:00.000Z,2021-05-14T12:01:04.473Z,2021-05-14T12:01:04.473Z,0,66.43,14-May-2021,
73,60a25aff4e61470008bbf048,GANESHHOUC,EQ,N,67.0,65.05,65.9,66.15,65.15,65.5,19340,1278670.95,88.0,19.6,237,INE460C01014,2021-05-17,2021-05-16T18:30:00.000Z,2021-05-17T12:01:03.682Z,2021-05-17T12:01:03.682Z,0,66.12,17-May-2021,
74,60a3ac7fbcb6750008861081,GANESHHOUC,EQ,N,67.55,64.5,66.85,64.85,64.5,66.15,33388,2187461.7,88.0,19.6,393,INE460C01014,2021-05-18,2021-05-17T18:30:00.000Z,2021-05-18T12:01:03.380Z,2021-05-18T12:01:03.380Z,0,65.52,18-May-2021,
75,60a4fe021247b900089e3ae9,GANESHHOUC,EQ,N,65.4,63.6,65.0,64.15,64.7,64.85,24688,1593249.6,88.0,19.6,298,INE460C01014,2021-05-19,2021-05-18T18:30:00.000Z,2021-05-19T12:01:06.241Z,2021-05-19T12:01:06.241Z,0,64.54,19-May-2021,
76,60a64f809a1015000919d3c5,GANESHHOUC,EQ,N,65.35,61.0,65.35,61.45,61.25,64.15,31138,1946197.3,88.0,19.6,471,INE460C01014,2021-05-20,2021-05-19T18:30:00.000Z,2021-05-20T12:01:04.495Z,2021-05-20T12:01:04.495Z,0,62.5,20-May-2021,
77,60a7a0e1c7277a00086e39d7,GANESHHOUC,EQ,N,64.5,61.6,62.9,62.15,62.35,61.45,23072,1448782.9,88.0,19.6,292,INE460C01014,2021-05-21,2021-05-20T18:30:00.000Z,2021-05-21T12:00:33.596Z,2021-05-21T12:00:33.596Z,0,62.79,21-May-2021,
78,60ab958003728a0009a35b8b,GANESHHOUC,EQ,N,62.75,60.1,62.75,60.75,60.5,62.15,22045,1339709.35,88.0,19.6,278,INE460C01014,2021-05-24,2021-05-23T18:30:00.000Z,2021-05-24T12:01:04.401Z,2021-05-24T12:01:04.401Z,0,60.77,24-May-2021,
79,60ace6ff3e1c550008766bf2,GANESHHOUC,EQ,N,65.45,60.5,62.6,64.55,64.8,60.75,63722,4058301.15,88.0,19.6,678,INE460C01014,2021-05-25,2021-05-24T18:30:00.000Z,2021-05-25T12:01:03.490Z,2021-05-25T12:01:03.490Z,0,63.69,25-May-2021,
80,60ae3883e53e1c0008d9147b,GANESHHOUC,EQ,N,67.5,65.0,65.0,66.55,66.8,64.55,37634,2507861.55,88.0,19.6,490,INE460C01014,2021-05-26,2021-05-25T18:30:00.000Z,2021-05-26T12:01:07.713Z,2021-05-26T12:01:07.713Z,0,66.64,26-May-2021,
81,60af89e623db9e0008efd355,GANESHHOUC,EQ,N,67.75,62.55,67.7,63.45,62.9,66.55,33696,2177816.6,88.0,19.6,424,INE460C01014,2021-05-27,2021-05-26T18:30:00.000Z,2021-05-27T12:00:38.020Z,2021-05-27T12:00:38.020Z,0,64.63,27-May-2021,
82,60b0db85ecad4f00086447b5,GANESHHOUC,EQ,N,67.2,57.6,64.85,59.5,58.35,63.45,159619,9910180.7,88.0,19.6,1121,INE460C01014,2021-05-28,2021-05-27T18:30:00.000Z,2021-05-28T12:01:09.352Z,2021-05-28T12:01:09.352Z,0,62.09,28-May-2021,
83,60b4d00099942d0008df0a1e,GANESHHOUC,EQ,N,65.45,59.05,59.1,65.45,65.45,59.5,59006,3789083.0,88.0,20.0,342,INE460C01014,2021-05-31,2021-05-30T18:30:00.000Z,2021-05-31T12:01:04.405Z,2021-05-31T12:01:04.405Z,0,64.22,31-May-2021,
84,60b621801746750008d2b477,GANESHHOUC,EQ,N,71.95,68.2,68.95,71.95,71.95,65.45,118587,8466279.05,88.0,20.0,296,INE460C01014,2021-06-01,2021-05-31T18:30:00.000Z,2021-06-01T12:01:04.502Z,2021-06-01T12:01:04.502Z,0,71.39,01-Jun-2021,
85,60b772e5174675000806e259,GANESHHOUC,EQ,N,79.1,77.95,78.95,79.1,79.1,71.95,113020,8932635.7,88.0,20.0,293,INE460C01014,2021-06-02,2021-06-01T18:30:00.000Z,2021-06-02T12:00:37.204Z,2021-06-02T12:00:37.204Z,0,79.04,02-Jun-2021,
86,60b8c47ff1e4290008f83bef,GANESHHOUC,EQ,N,87.0,82.3,87.0,87.0,87.0,79.1,209642,18189177.1,88.0,20.0,828,INE460C01014,2021-06-03,2021-06-02T18:30:00.000Z,2021-06-03T12:01:03.929Z,2021-06-03T12:01:03.929Z,0,86.76,03-Jun-2021,
87,60ba15e3fd6cfd0008ece668,GANESHHOUC,EQ,N,91.35,91.35,91.35,91.35,91.35,87.0,45248,4133404.8,91.35,20.0,151,INE460C01014,2021-06-04,2021-06-03T18:30:00.000Z,2021-06-04T12:00:35.841Z,2021-06-04T12:00:35.841Z,0,91.35,04-Jun-2021,
88,60be0a65e54865000822a51d,GANESHHOUC,EQ,N,95.9,86.8,95.9,94.1,94.0,91.35,436674,40659496.15,95.9,21.05,3298,INE460C01014,2021-06-07,2021-06-06T18:30:00.000Z,2021-06-07T12:00:37.899Z,2021-06-07T12:00:37.899Z,0,93.11,07-Jun-2021,
89,60bf5be4d2265400080d81dd,GANESHHOUC,EQ,N,93.95,89.4,93.95,90.45,89.4,94.1,121770,11023168.85,95.9,21.05,1171,INE460C01014,2021-06-08,2021-06-07T18:30:00.000Z,2021-06-08T12:00:36.165Z,2021-06-08T12:00:36.165Z,0,90.52,08-Jun-2021,
90,60c0ad661318bc0008009ce2,GANESHHOUC,EQ,N,94.95,88.05,91.9,91.8,90.4,90.45,201741,18807395.85,95.9,21.05,1571,INE460C01014,2021-06-09,2021-06-08T18:30:00.000Z,2021-06-09T12:00:38.294Z,2021-06-09T12:00:38.294Z,0,93.23,09-Jun-2021,
91,60c1ff0081433a00081e9ee2,GANESHHOUC,EQ,N,93.5,89.0,91.85,89.4,89.85,91.8,47230,4253490.0,95.9,21.05,872,INE460C01014,2021-06-10,2021-06-09T18:30:00.000Z,2021-06-10T12:01:04.343Z,2021-06-10T12:01:04.343Z,0,90.06,10-Jun-2021,
92,60c3505d99ad6d0008bea0b7,GANESHHOUC,EQ,N,93.85,88.5,91.95,93.85,93.85,89.4,91689,8497105.8,95.9,21.05,492,INE460C01014,2021-06-11,2021-06-10T18:30:00.000Z,2021-06-11T12:00:29.402Z,2021-06-11T12:00:29.402Z,0,92.67,11-Jun-2021,
93,60c744eafa74920009970e35,GANESHHOUC,EQ,N,98.5,95.3,98.5,98.5,98.5,93.85,113326,11133256.7,98.5,21.7,486,INE460C01014,2021-06-14,2021-06-13T18:30:00.000Z,2021-06-14T12:00:42.967Z,2021-06-14T12:00:42.967Z,0,98.24,14-Jun-2021,
94,60c896849655b00008f2ee67,GANESHHOUC,EQ,N,103.4,103.4,103.4,103.4,103.4,98.5,32650,3376010.0,103.4,21.7,123,INE460C01014,2021-06-15,2021-06-14T18:30:00.000Z,2021-06-15T12:01:08.445Z,2021-06-15T12:01:08.445Z,0,103.4,15-Jun-2021,
95,60c9e8029af7c300087029a0,GANESHHOUC,EQ,N,103.75,99.25,103.75,101.8,101.95,103.4,123090,12521593.55,103.75,21.7,1445,INE460C01014,2021-06-16,2021-06-15T18:30:00.000Z,2021-06-16T12:01:06.473Z,2021-06-16T12:01:06.473Z,0,101.73,16-Jun-2021,
96,606afbe250e7c50009ea5965,GANESHHOUC,EQ,N,61.3,61.3,61.3,61.3,61.3,58.4,21305,1305996.5,63.5,19.0,89,INE460C01014,2021-04-05,2021-04-04T18:30:00.000Z,2021-04-05T12:00:34.830Z,2021-04-05T12:00:34.830Z,0,61.3,05-Apr-2021,
97,606c4d7fe414300008c059cd,GANESHHOUC,EQ,N,64.35,64.35,64.35,64.35,64.35,61.3,67889,4368657.15,64.35,19.0,67,INE460C01014,2021-04-06,2021-04-05T18:30:00.000Z,2021-04-06T12:01:03.954Z,2021-04-06T12:01:03.954Z,0,64.35,06-Apr-2021,
98,606d9ee6a5b3e50008f953b6,GANESHHOUC,EQ,N,67.55,67.55,67.55,67.55,67.55,64.35,22739,1536019.45,67.55,19.0,61,INE460C01014,2021-04-07,2021-04-06T18:30:00.000Z,2021-04-07T12:00:38.309Z,2021-04-07T12:00:38.309Z,0,67.55,07-Apr-2021,
99,606ef080ee0ef7000821be8d,GANESHHOUC,EQ,N,74.3,70.9,74.3,74.3,74.3,67.55,202190,14951873.4,74.3,19.0,521,INE460C01014,2021-04-08,2021-04-07T18:30:00.000Z,2021-04-08T12:01:04.299Z,2021-04-08T12:01:04.299Z,0,73.95,08-Apr-2021,
100,607041e5b4027f0009885373,GANESHHOUC,EQ,N,81.7,75.0,77.0,81.7,81.7,74.3,329247,26424016.6,81.7,19.0,1701,INE460C01014,2021-04-09,2021-04-08T18:30:00.000Z,2021-04-09T12:00:37.384Z,2021-04-09T12:00:37.384Z,0,80.26,09-Apr-2021,
101,60743680905dbc00081588ce,GANESHHOUC,EQ,N,88.0,73.55,82.75,77.8,77.5,81.7,306285,23917868.0,88.0,19.6,2210,INE460C01014,2021-04-12,2021-04-11T18:30:00.000Z,2021-04-12T12:01:04.064Z,2021-04-12T12:01:04.064Z,0,78.09,12-Apr-2021,
102,607587e5a1a6020009d61c8f,GANESHHOUC,EQ,N,85.45,75.0,77.5,82.45,84.2,77.8,277813,23033745.3,88.0,19.6,1558,INE460C01014,2021-04-13,2021-04-12T18:30:00.000Z,2021-04-13T12:00:37.320Z,2021-04-13T12:00:37.320Z,0,82.91,13-Apr-2021,
103,60782ae4b4027f000990b867,GANESHHOUC,EQ,N,87.0,78.0,84.7,81.05,80.5,82.45,125448,10405771.8,88.0,19.6,972,INE460C01014,2021-04-15,2021-04-14T18:30:00.000Z,2021-04-15T12:00:36.880Z,2021-04-15T12:00:36.880Z,0,82.95,15-Apr-2021,
104,60797c7f06a23a00086a1353,GANESHHOUC,EQ,N,82.85,75.9,80.25,76.35,76.0,81.05,48991,3863094.2,88.0,19.6,800,INE460C01014,2021-04-16,2021-04-15T18:30:00.000Z,2021-04-16T12:01:04.010Z,2021-04-16T12:01:04.010Z,0,78.85,16-Apr-2021,
105,607d70e432a7350008fd3d58,GANESHHOUC,EQ,N,77.5,68.75,74.1,70.65,70.85,76.35,78338,5540987.1,88.0,19.6,670,INE460C01014,2021-04-19,2021-04-18T18:30:00.000Z,2021-04-19T12:00:36.404Z,2021-04-19T12:00:36.404Z,0,70.73,19-Apr-2021,
106,607ec28028c94600080bc964,GANESHHOUC,EQ,N,74.85,70.9,70.9,73.4,73.4,70.65,45119,3318627.35,88.0,19.6,479,INE460C01014,2021-04-20,2021-04-19T18:30:00.000Z,2021-04-20T12:01:04.122Z,2021-04-20T12:01:04.122Z,0,73.55,20-Apr-2021,
107,6081657f3641bb0008a8fe03,GANESHHOUC,EQ,N,71.85,66.4,70.55,67.15,67.35,73.4,82867,5699138.9,88.0,19.6,759,INE460C01014,2021-04-22,2021-04-21T18:30:00.000Z,2021-04-22T12:01:03.968Z,2021-04-22T12:01:03.968Z,0,68.77,22-Apr-2021,
108,6082b6e36140660008b5b276,GANESHHOUC,EQ,N,68.25,63.9,67.75,64.7,64.65,67.15,74030,4820705.4,88.0,19.6,728,INE460C01014,2021-04-23,2021-04-22T18:30:00.000Z,2021-04-23T12:00:35.934Z,2021-04-23T12:00:35.934Z,0,65.12,23-Apr-2021,
109,6088066280572900081c8eea,GANESHHOUC,EQ,N,70.85,64.2,64.25,68.65,68.5,64.7,91767,6317202.15,88.0,19.6,1106,INE460C01014,2021-04-26,2021-04-25T18:30:00.000Z,2021-04-27T12:41:06.893Z,2021-04-27T12:41:06.893Z,0,68.84,26-Apr-2021,
110,6088069eccdda4000887d823,GANESHHOUC,EQ,N,71.65,66.05,71.65,67.45,67.25,68.65,25482,1745825.4,88.0,19.6,430,INE460C01014,2021-04-27,2021-04-26T18:30:00.000Z,2021-04-27T12:42:06.923Z,2021-04-27T12:42:06.923Z,0,68.51,27-Apr-2021,
111,60894e6406a23a00085795a3,GANESHHOUC,EQ,N,71.45,65.15,71.45,66.55,66.0,67.45,22567,1522100.15,88.0,19.6,325,INE460C01014,2021-04-28,2021-04-27T18:30:00.000Z,2021-04-28T12:00:36.731Z,2021-04-28T12:00:36.731Z,0,67.45,28-Apr-2021,
112,608aa006fc34330008f83d49,GANESHHOUC,EQ,N,71.0,64.25,68.85,70.0,69.75,66.55,125801,8607323.2,88.0,19.6,960,INE460C01014,2021-04-29,2021-04-28T18:30:00.000Z,2021-04-29T12:01:10.982Z,2021-04-29T12:01:10.982Z,0,68.42,29-Apr-2021,
113,608bf18346f86b00096b1680,GANESHHOUC,EQ,N,71.6,67.0,70.1,70.2,70.65,70.0,32417,2278647.05,88.0,19.6,457,INE460C01014,2021-04-30,2021-04-29T18:30:00.000Z,2021-04-30T12:01:07.920Z,2021-04-30T12:01:07.920Z,0,70.29,30-Apr-2021,
114,608fe600c881750008aa006d,GANESHHOUC,EQ,N,74.0,66.75,68.1,72.8,73.1,70.2,107004,7540689.85,88.0,19.6,970,INE460C01014,2021-05-03,2021-05-02T18:30:00.000Z,2021-05-03T12:01:04.520Z,2021-05-03T12:01:04.520Z,0,70.47,03-May-2021,
115,6091378045df9f0008e94036,GANESHHOUC,EQ,N,74.1,69.05,69.05,73.7,74.0,72.8,78874,5732572.2,88.0,19.6,649,INE460C01014,2021-05-04,2021-05-03T18:30:00.000Z,2021-05-04T12:01:04.461Z,2021-05-04T12:01:04.461Z,0,72.68,04-May-2021,
116,609288e7c13269000942c397,GANESHHOUC,EQ,N,76.0,72.0,74.45,75.1,76.0,73.7,51866,3847458.45,88.0,19.6,449,INE460C01014,2021-05-05,2021-05-04T18:30:00.000Z,2021-05-05T12:00:39.196Z,2021-05-05T12:00:39.196Z,0,74.18,05-May-2021,
117,6093da7fa51b5b0008e140aa,GANESHHOUC,EQ,N,75.5,73.0,74.05,73.65,74.05,75.1,48181,3590144.7,88.0,19.6,324,INE460C01014,2021-05-06,2021-05-05T18:30:00.000Z,2021-05-06T12:01:03.821Z,2021-05-06T12:01:03.821Z,0,74.51,06-May-2021,
118,60952be258429e0008542473,GANESHHOUC,EQ,N,75.8,70.9,72.15,74.3,75.5,73.65,71613,5222284.65,88.0,19.6,434,INE460C01014,2021-05-07,2021-05-06T18:30:00.000Z,2021-05-07T12:00:34.441Z,2021-05-07T12:00:34.441Z,0,72.92,07-May-2021,
119,6099206828330700080ffe39,GANESHHOUC,EQ,N,75.15,67.5,74.0,68.45,68.0,74.3,124583,8688747.65,88.0,19.6,1053,INE460C01014,2021-05-10,2021-05-09T18:30:00.000Z,2021-05-10T12:00:40.672Z,2021-05-10T12:00:40.672Z,0,69.74,10-May-2021,
120,609a720045df9f0008b76cf8,GANESHHOUC,EQ,N,69.35,66.0,69.35,67.9,68.3,68.45,51827,3488107.65,88.0,19.6,489,INE460C01014,2021-05-11,2021-05-10T18:30:00.000Z,2021-05-11T12:01:04.132Z,2021-05-11T12:01:04.132Z,0,67.3,11-May-2021,
121,609bc380c132690009f001b4,GANESHHOUC,EQ,N,70.35,65.0,70.35,65.55,65.5,67.9,61811,4071232.8,88.0,19.6,537,INE460C01014,2021-05-12,2021-05-11T18:30:00.000Z,2021-05-12T12:01:04.084Z,2021-05-12T12:01:04.084Z,0,65.87,12-May-2021,
122,60339ce31fa56800082f679f,GANESHHOUC,EQ,N,46.2,43.6,46.0,46.2,46.2,44.0,48363,2199978.25,52.25,17.35,385,INE460C01014,2021-02-22,2021-02-21T18:30:00.000Z,2021-02-22T12:00:35.295Z,2021-02-22T12:00:35.295Z,0,45.49,22-Feb-2021,
123,6034ee5ef2cc160009225699,GANESHHOUC,EQ,N,48.5,46.15,48.35,48.5,48.5,46.2,25127,1215040.6,52.25,17.35,170,INE460C01014,2021-02-23,2021-02-22T18:30:00.000Z,2021-02-23T12:00:30.958Z,2021-02-23T12:00:30.958Z,0,48.36,23-Feb-2021,
124,60365c97c65ab700086bb59b,GANESHHOUC,EQ,N,50.9,50.0,50.0,50.9,50.9,48.5,30801,1564744.2,52.25,17.35,97,INE460C01014,2021-02-24,2021-02-23T18:30:00.000Z,2021-02-24T14:03:04.019Z,2021-02-24T14:03:04.019Z,0,50.8,24-Feb-2021,
125,60379180d3429100084f4586,GANESHHOUC,EQ,N,53.4,53.35,53.4,53.4,53.4,50.9,35455,1893197.0,53.4,17.35,137,INE460C01014,2021-02-25,2021-02-24T18:30:00.000Z,2021-02-25T12:01:04.773Z,2021-02-25T12:01:04.773Z,0,53.4,25-Feb-2021,
126,6038e30048a71b000890c05b,GANESHHOUC,EQ,N,56.05,52.05,55.8,56.05,56.05,53.4,166476,9154929.45,56.05,17.35,881,INE460C01014,2021-02-26,2021-02-25T18:30:00.000Z,2021-02-26T12:01:04.235Z,2021-02-26T12:01:04.235Z,0,54.99,26-Feb-2021,
127,603cd783d342910008d7e646,GANESHHOUC,EQ,N,58.85,57.05,58.85,58.8,58.85,56.05,99982,5852907.05,58.85,17.35,565,INE460C01014,2021-03-01,2021-02-28T18:30:00.000Z,2021-03-01T12:01:07.536Z,2021-03-01T12:01:07.536Z,0,58.54,01-Mar-2021,
128,603e28ffe88009000870f7c0,GANESHHOUC,EQ,N,61.7,56.0,60.0,60.55,60.55,58.8,190481,11540457.4,61.7,17.35,1337,INE460C01014,2021-03-02,2021-03-01T18:30:00.000Z,2021-03-02T12:01:03.870Z,2021-03-02T12:01:03.870Z,0,60.59,02-Mar-2021,
129,603f7a5d60e1740008d810f9,GANESHHOUC,EQ,N,62.0,57.55,62.0,57.55,57.55,60.55,98446,5729395.3,62.0,17.35,704,INE460C01014,2021-03-03,2021-03-02T18:30:00.000Z,2021-03-03T12:00:29.443Z,2021-03-03T12:00:29.443Z,0,58.2,03-Mar-2021,
130,6040cbfff782e80008e63fa1,GANESHHOUC,EQ,N,56.85,54.7,56.05,55.45,55.05,57.55,55841,3109743.1,62.0,17.35,418,INE460C01014,2021-03-04,2021-03-03T18:30:00.000Z,2021-03-04T12:01:03.854Z,2021-03-04T12:01:03.854Z,0,55.69,04-Mar-2021,
131,60421d80f87f7d00085f2f1f,GANESHHOUC,EQ,N,57.1,54.0,54.05,55.65,56.2,55.45,37292,2070976.35,62.0,17.35,319,INE460C01014,2021-03-05,2021-03-04T18:30:00.000Z,2021-03-05T12:01:04.550Z,2021-03-05T12:01:04.550Z,0,55.53,05-Mar-2021,
132,60461204f782e800082f9364,GANESHHOUC,EQ,N,58.4,53.1,55.95,53.5,53.1,55.65,27403,1494104.95,62.0,17.35,327,INE460C01014,2021-03-08,2021-03-07T18:30:00.000Z,2021-03-08T12:01:08.960Z,2021-03-08T12:01:08.960Z,0,54.52,08-Mar-2021,
133,604763641869d10008759518,GANESHHOUC,EQ,N,56.0,52.0,55.8,53.15,54.1,53.5,37613,2016610.5,62.0,17.35,284,INE460C01014,2021-03-09,2021-03-08T18:30:00.000Z,2021-03-09T12:00:36.397Z,2021-03-09T12:00:36.397Z,0,53.61,09-Mar-2021,
134,6048b4e2b02c4600080fd2c3,GANESHHOUC,EQ,N,55.45,51.5,52.65,53.2,54.0,53.15,33917,1799204.2,62.0,17.35,353,INE460C01014,2021-03-10,2021-03-09T18:30:00.000Z,2021-03-10T12:00:34.482Z,2021-03-10T12:00:34.482Z,0,53.05,10-Mar-2021,
135,604b57dc72247e0008e05505,GANESHHOUC,EQ,N,55.7,51.25,54.3,53.6,52.6,53.2,260659,13502303.9,62.0,17.35,394,INE460C01014,2021-03-12,2021-03-11T18:30:00.000Z,2021-03-12T12:00:28.962Z,2021-03-12T12:00:28.962Z,0,51.8,12-Mar-2021,
136,604f4c80c00cd5000824fe41,GANESHHOUC,EQ,N,53.4,51.1,53.4,51.45,51.2,53.6,16392,849281.75,62.0,17.35,218,INE460C01014,2021-03-15,2021-03-14T18:30:00.000Z,2021-03-15T12:01:04.565Z,2021-03-15T12:01:04.565Z,0,51.81,15-Mar-2021,
137,60509de26ad8c20008652654,GANESHHOUC,EQ,N,52.25,49.75,52.2,50.15,51.85,51.45,19301,982907.5,62.0,17.35,222,INE460C01014,2021-03-16,2021-03-15T18:30:00.000Z,2021-03-16T12:00:34.500Z,2021-03-16T12:00:34.500Z,0,50.93,16-Mar-2021,
138,6051ef67e9990500087f3930,GANESHHOUC,EQ,N,52.65,49.1,51.05,51.95,52.15,50.15,77994,4039120.8,62.0,17.35,613,INE460C01014,2021-03-17,2021-03-16T18:30:00.000Z,2021-03-17T12:00:39.075Z,2021-03-17T12:00:39.075Z,0,51.79,17-Mar-2021,
139,605340e317e26700093f0f49,GANESHHOUC,EQ,N,54.4,51.95,51.95,53.0,53.4,51.95,106369,5619257.4,62.0,17.35,704,INE460C01014,2021-03-18,2021-03-17T18:30:00.000Z,2021-03-18T12:00:35.605Z,2021-03-18T12:00:35.605Z,0,52.83,18-Mar-2021,
140,605492826bba56000820a3aa,GANESHHOUC,EQ,N,55.65,50.35,52.5,55.65,55.65,53.0,124321,6791356.65,62.0,17.35,601,INE460C01014,2021-03-19,2021-03-18T18:30:00.000Z,2021-03-19T12:01:06.306Z,2021-03-19T12:01:06.306Z,0,54.63,19-Mar-2021,
141,60588700022baa00098a7f1a,GANESHHOUC,EQ,N,58.4,56.0,56.0,58.4,58.4,55.65,41648,2426245.0,62.0,17.35,153,INE460C01014,2021-03-22,2021-03-21T18:30:00.000Z,2021-03-22T12:01:04.634Z,2021-03-22T12:01:04.634Z,0,58.26,22-Mar-2021,
142,6059d8646bba5600089577d0,GANESHHOUC,EQ,N,61.3,58.4,59.85,61.3,61.3,58.4,81068,4920757.9,62.0,17.35,471,INE460C01014,2021-03-23,2021-03-22T18:30:00.000Z,2021-03-23T12:00:36.529Z,2021-03-23T12:00:36.529Z,0,60.7,23-Mar-2021,
143,605b2a0096d7ff000815d710,GANESHHOUC,EQ,N,63.5,59.1,63.5,60.45,61.0,61.3,90064,5511776.8,63.5,17.35,815,INE460C01014,2021-03-24,2021-03-23T18:30:00.000Z,2021-03-24T12:01:04.553Z,2021-03-24T12:01:04.553Z,0,61.2,24-Mar-2021,
144,605c7b631eb5f20008a437dc,GANESHHOUC,EQ,N,60.75,57.45,58.55,57.85,58.2,60.45,66154,3835080.1,63.5,17.35,347,INE460C01014,2021-03-25,2021-03-24T18:30:00.000Z,2021-03-25T12:00:35.690Z,2021-03-25T12:00:35.690Z,0,57.97,25-Mar-2021,
145,605dcce4ba1816000875fb61,GANESHHOUC,EQ,N,59.0,55.0,58.9,55.0,55.0,57.85,29808,1674649.4,63.5,17.35,364,INE460C01014,2021-03-26,2021-03-25T18:30:00.000Z,2021-03-26T12:00:36.952Z,2021-03-26T12:00:36.952Z,0,56.18,26-Mar-2021,
146,60631d8ff5299b0008fe3571,GANESHHOUC,EQ,N,56.3,52.65,56.3,53.0,53.35,55.0,39026,2116675.0,63.5,17.35,372,INE460C01014,2021-03-30,2021-03-29T18:30:00.000Z,2021-03-30T12:46:07.568Z,2021-03-30T12:46:07.568Z,0,54.24,30-Mar-2021,
147,6064645d03368200081c2150,GANESHHOUC,EQ,N,55.65,51.9,53.0,55.65,55.65,53.0,29022,1574769.8,63.5,17.35,257,INE460C01014,2021-03-31,2021-03-30T18:30:00.000Z,2021-03-31T12:00:29.754Z,2021-03-31T12:00:29.754Z,0,54.26,31-Mar-2021,
148,6065b5e413110000089f913b,GANESHHOUC,EQ,N,58.4,57.9,57.9,58.4,58.4,55.65,14555,848952.0,63.5,17.35,62,INE460C01014,2021-04-01,2021-03-31T18:30:00.000Z,2021-04-01T12:00:36.666Z,2021-04-01T12:00:36.666Z,0,58.33,01-Apr-2021,
149,5ffd8f805a018800080250b9,GANESHHOUC,EQ,N,34.25,31.6,34.25,32.05,32.35,33.25,63570,2039608.0,49.85,17.35,534,INE460C01014,2021-01-12,2021-01-11T18:30:00.000Z,2021-01-12T12:01:04.475Z,2021-01-12T12:01:04.475Z,0,32.08,12-Jan-2021,
150,5ffee0ddc4dee300088dda1e,GANESHHOUC,EQ,N,33.25,31.5,33.0,32.2,32.2,32.05,50048,1610429.55,49.85,17.35,430,INE460C01014,2021-01-13,2021-01-12T18:30:00.000Z,2021-01-13T12:00:29.899Z,2021-01-13T12:00:29.899Z,0,32.18,13-Jan-2021,
151,600032806e104f0008e692d5,GANESHHOUC,EQ,N,33.4,31.2,31.35,33.0,33.4,32.2,43158,1398514.35,49.85,17.35,227,INE460C01014,2021-01-14,2021-01-13T18:30:00.000Z,2021-01-14T12:01:04.407Z,2021-01-14T12:01:04.407Z,0,32.4,14-Jan-2021,
152,600183ff5a018800081077e9,GANESHHOUC,EQ,N,34.4,31.75,34.4,32.05,32.05,33.0,30672,1005847.15,49.85,17.35,265,INE460C01014,2021-01-15,2021-01-14T18:30:00.000Z,2021-01-15T12:01:03.848Z,2021-01-15T12:01:03.848Z,0,32.79,15-Jan-2021,
153,600578802e3c9a000810f05e,GANESHHOUC,EQ,N,32.4,30.8,32.1,31.05,30.9,32.05,21585,669539.4,37.2,17.35,261,INE460C01014,2021-01-18,2021-01-17T18:30:00.000Z,2021-01-18T12:01:04.637Z,2021-01-18T12:01:04.637Z,0,31.02,18-Jan-2021,
154,6006c9e4f10a0d00083c5382,GANESHHOUC,EQ,N,32.6,30.9,31.95,32.6,32.6,31.05,25542,822528.15,37.2,17.35,150,INE460C01014,2021-01-19,2021-01-18T18:30:00.000Z,2021-01-19T12:00:36.998Z,2021-01-19T12:00:36.998Z,0,32.2,19-Jan-2021,
155,60081b7f2c04b60008834f07,GANESHHOUC,EQ,N,34.2,32.7,32.7,34.2,34.2,32.6,30862,1045362.15,37.2,17.35,77,INE460C01014,2021-01-20,2021-01-19T18:30:00.000Z,2021-01-20T12:01:03.707Z,2021-01-20T12:01:03.707Z,0,33.87,20-Jan-2021,
156,60096cdd741e2900081a1a8b,GANESHHOUC,EQ,N,35.9,35.9,35.9,35.9,35.9,34.2,18030,647277.0,37.2,17.35,81,INE460C01014,2021-01-21,2021-01-20T18:30:00.000Z,2021-01-21T12:00:29.980Z,2021-01-21T12:00:29.980Z,0,35.9,21-Jan-2021,
157,600abe648a4b290008ee1f44,GANESHHOUC,EQ,N,37.65,37.65,37.65,37.65,37.65,35.9,49190,1852003.5,37.65,17.35,131,INE460C01014,2021-01-22,2021-01-21T18:30:00.000Z,2021-01-22T12:00:36.778Z,2021-01-22T12:00:36.778Z,0,37.65,22-Jan-2021,
158,600eb2ffc1e18e0008a456ac,GANESHHOUC,EQ,N,39.5,39.5,39.5,39.5,39.5,37.65,47999,1895960.5,39.5,17.35,118,INE460C01014,2021-01-25,2021-01-24T18:30:00.000Z,2021-01-25T12:01:03.862Z,2021-01-25T12:01:03.862Z,0,39.5,25-Jan-2021,
159,60115601c050380008a1d8e7,GANESHHOUC,EQ,N,41.45,37.55,41.45,41.45,41.45,39.5,413242,16841511.4,41.45,17.35,1466,INE460C01014,2021-01-27,2021-01-26T18:30:00.000Z,2021-01-27T12:01:05.047Z,2021-01-27T12:01:05.047Z,0,40.75,27-Jan-2021,
160,6012a764d24e050008e73466,GANESHHOUC,EQ,N,43.5,41.5,42.0,43.5,43.5,41.45,118125,5099422.6,43.5,17.35,555,INE460C01014,2021-01-28,2021-01-27T18:30:00.000Z,2021-01-28T12:00:36.707Z,2021-01-28T12:00:36.707Z,0,43.17,28-Jan-2021,
161,6013f90324068600082d2b93,GANESHHOUC,EQ,N,45.65,45.65,45.65,45.65,45.65,43.5,19494,889901.1,45.65,17.35,71,INE460C01014,2021-01-29,2021-01-28T18:30:00.000Z,2021-01-29T12:01:07.959Z,2021-01-29T12:01:07.959Z,0,45.65,29-Jan-2021,
162,6017ed63ceda9200080bd093,GANESHHOUC,EQ,N,47.9,47.9,47.9,47.9,47.9,45.65,30752,1473020.8,47.9,17.35,79,INE460C01014,2021-02-01,2021-01-31T18:30:00.000Z,2021-02-01T12:00:35.533Z,2021-02-01T12:00:35.533Z,0,47.9,01-Feb-2021,
163,60193eff52a67400088a7f8f,GANESHHOUC,EQ,N,50.25,45.55,50.25,50.25,50.25,47.9,419953,20502893.9,50.25,17.35,1730,INE460C01014,2021-02-02,2021-02-01T18:30:00.000Z,2021-02-02T12:01:03.649Z,2021-02-02T12:01:03.649Z,0,48.82,02-Feb-2021,
164,601a9064f98b220009a86b47,GANESHHOUC,EQ,N,52.25,48.05,51.45,48.9,49.25,50.25,147325,7351926.35,52.25,17.35,996,INE460C01014,2021-02-03,2021-02-02T18:30:00.000Z,2021-02-03T12:00:36.565Z,2021-02-03T12:00:36.565Z,0,49.9,03-Feb-2021,
165,601be200f98b220009bd6338,GANESHHOUC,EQ,N,50.35,47.5,48.9,48.0,48.0,48.9,41233,2019778.5,52.25,17.35,481,INE460C01014,2021-02-04,2021-02-03T18:30:00.000Z,2021-02-04T12:01:04.102Z,2021-02-04T12:01:04.102Z,0,48.98,04-Feb-2021,
166,601d33621977d90008c02d52,GANESHHOUC,EQ,N,50.25,45.6,49.9,45.65,45.6,48.0,96329,4625488.5,52.25,17.35,724,INE460C01014,2021-02-05,2021-02-04T18:30:00.000Z,2021-02-05T12:00:34.478Z,2021-02-05T12:00:34.478Z,0,48.02,05-Feb-2021,
167,602127e35959750008a8e1e7,GANESHHOUC,EQ,N,46.8,43.5,45.55,43.85,43.55,45.65,53368,2365419.45,52.25,17.35,422,INE460C01014,2021-02-08,2021-02-07T18:30:00.000Z,2021-02-08T12:00:35.869Z,2021-02-08T12:00:35.869Z,0,44.32,08-Feb-2021,
168,6022798085e3100008e2d0e2,GANESHHOUC,EQ,N,43.75,42.15,42.55,42.35,42.15,43.85,38113,1627562.5,52.25,17.35,288,INE460C01014,2021-02-09,2021-02-08T18:30:00.000Z,2021-02-09T12:01:04.313Z,2021-02-09T12:01:04.313Z,0,42.7,09-Feb-2021,
169,6023cb006d78280008e44719,GANESHHOUC,EQ,N,43.95,42.6,43.6,43.5,43.95,42.35,19689,850804.05,52.25,17.35,240,INE460C01014,2021-02-10,2021-02-09T18:30:00.000Z,2021-02-10T12:01:04.100Z,2021-02-10T12:01:04.100Z,0,43.21,10-Feb-2021,
170,60251c648160710008fa5a99,GANESHHOUC,EQ,N,43.9,41.65,41.85,41.7,42.0,43.5,25896,1097491.25,52.25,17.35,239,INE460C01014,2021-02-11,2021-02-10T18:30:00.000Z,2021-02-11T12:00:36.759Z,2021-02-11T12:00:36.759Z,0,42.38,11-Feb-2021,
171,60266de2e854190008018c1c,GANESHHOUC,EQ,N,42.75,39.65,40.55,42.15,42.25,41.7,72224,2927490.9,52.25,17.35,498,INE460C01014,2021-02-12,2021-02-11T18:30:00.000Z,2021-02-12T12:00:34.938Z,2021-02-12T12:00:34.938Z,0,40.53,12-Feb-2021,
172,602a6264e85419000827eada,GANESHHOUC,EQ,N,43.35,40.75,41.95,41.45,41.95,42.15,33839,1416599.45,52.25,17.35,309,INE460C01014,2021-02-15,2021-02-14T18:30:00.000Z,2021-02-15T12:00:36.021Z,2021-02-15T12:00:36.021Z,0,41.86,15-Feb-2021,
173,602bb3dd05368f0008dd76b2,GANESHHOUC,EQ,N,42.5,40.6,42.5,41.75,41.55,41.45,18958,793814.0,52.25,17.35,180,INE460C01014,2021-02-16,2021-02-15T18:30:00.000Z,2021-02-16T12:00:29.904Z,2021-02-16T12:00:29.904Z,0,41.87,16-Feb-2021,
174,602d0580e89593000836ac32,GANESHHOUC,EQ,N,41.6,40.15,41.6,40.25,40.2,41.75,35563,1435510.45,52.25,17.35,260,INE460C01014,2021-02-17,2021-02-16T18:30:00.000Z,2021-02-17T12:01:04.742Z,2021-02-17T12:01:04.742Z,0,40.37,17-Feb-2021,
175,602e5700d8ba7c0008db1873,GANESHHOUC,EQ,N,42.25,41.3,41.3,42.25,42.25,40.25,37708,1582521.3,52.25,17.35,195,INE460C01014,2021-02-18,2021-02-17T18:30:00.000Z,2021-02-18T12:01:04.184Z,2021-02-18T12:01:04.184Z,0,41.97,18-Feb-2021,
176,602fa85d6853780008318773,GANESHHOUC,EQ,N,44.35,43.1,43.8,44.0,44.35,42.25,61738,2726441.35,52.25,17.35,283,INE460C01014,2021-02-19,2021-02-18T18:30:00.000Z,2021-02-19T12:00:29.198Z,2021-02-19T12:00:29.198Z,0,44.16,19-Feb-2021,
177,5fc8d35dfdaa170009fb60d9,GANESHHOUC,EQ,N,35.45,34.6,34.95,35.45,35.45,33.8,39651,1400815.4,49.85,17.35,156,INE460C01014,2020-12-03,2020-12-02T18:30:00.000Z,2020-12-03T12:00:29.773Z,2020-12-03T12:00:29.773Z,0,35.33,03-Dec-2020,
178,5fca24dc01e21f0008b13b64,GANESHHOUC,EQ,N,37.2,33.8,37.2,35.5,35.1,35.45,114525,4095658.7,49.85,17.35,627,INE460C01014,2020-12-04,2020-12-03T18:30:00.000Z,2020-12-04T12:00:29.010Z,2020-12-04T12:00:29.010Z,0,35.76,04-Dec-2020,
179,5fce198022c8a50008e34f17,GANESHHOUC,EQ,N,36.8,33.85,35.0,33.95,33.9,35.5,43635,1500941.4,49.85,17.35,313,INE460C01014,2020-12-07,2020-12-06T18:30:00.000Z,2020-12-07T12:01:04.434Z,2020-12-07T12:01:04.434Z,0,34.4,07-Dec-2020,
180,5fcf6b02ecc6400008d6ec07,GANESHHOUC,EQ,N,34.75,32.5,34.75,32.95,32.7,33.95,36593,1204985.7,49.85,17.35,367,INE460C01014,2020-12-08,2020-12-07T18:30:00.000Z,2020-12-08T12:01:06.655Z,2020-12-08T12:01:06.655Z,0,32.93,08-Dec-2020,
181,5fd0bc64ecc6400008d7dcab,GANESHHOUC,EQ,N,33.95,31.55,33.0,31.95,31.7,32.95,37235,1208637.55,49.85,17.35,323,INE460C01014,2020-12-09,2020-12-08T18:30:00.000Z,2020-12-09T12:00:36.217Z,2020-12-09T12:00:36.217Z,0,32.46,09-Dec-2020,
182,5fd20ddcb459f90008433250,GANESHHOUC,EQ,N,32.8,30.45,31.0,31.05,31.1,31.95,46569,1447255.65,49.85,17.35,285,INE460C01014,2020-12-10,2020-12-09T18:30:00.000Z,2020-12-10T12:00:28.867Z,2020-12-10T12:00:28.867Z,0,31.08,10-Dec-2020,
183,5fd35f6517143800085880a8,GANESHHOUC,EQ,N,32.6,30.1,31.15,31.7,31.8,31.05,37458,1188051.15,49.85,17.35,315,INE460C01014,2020-12-11,2020-12-10T18:30:00.000Z,2020-12-11T12:00:37.670Z,2020-12-11T12:00:37.670Z,0,31.72,11-Dec-2020,
184,5fd754003141bc0008ee7257,GANESHHOUC,EQ,N,33.25,30.35,30.35,32.95,33.25,31.7,37121,1203996.3,49.85,17.35,212,INE460C01014,2020-12-14,2020-12-13T18:30:00.000Z,2020-12-14T12:01:04.710Z,2020-12-14T12:01:04.710Z,0,32.43,14-Dec-2020,
185,5fd8a563b459f90008464f51,GANESHHOUC,EQ,N,34.0,31.35,33.25,31.45,31.4,32.95,48906,1547569.15,49.85,17.35,299,INE460C01014,2020-12-15,2020-12-14T18:30:00.000Z,2020-12-15T12:00:35.246Z,2020-12-15T12:00:35.246Z,0,31.64,15-Dec-2020,
186,5fd9f6e281abf7000814d1a3,GANESHHOUC,EQ,N,32.8,31.55,32.0,32.0,32.0,31.45,41730,1344360.6,49.85,17.35,227,INE460C01014,2020-12-16,2020-12-15T18:30:00.000Z,2020-12-16T12:00:34.870Z,2020-12-16T12:00:34.870Z,0,32.22,16-Dec-2020,
187,5fdb486317143800085c6c5c,GANESHHOUC,EQ,N,33.0,31.9,32.1,32.05,32.1,32.0,17002,550565.7,49.85,17.35,137,INE460C01014,2020-12-17,2020-12-16T18:30:00.000Z,2020-12-17T12:00:35.921Z,2020-12-17T12:00:35.921Z,0,32.38,17-Dec-2020,
188,5fdc9a0089ad550008138555,GANESHHOUC,EQ,N,32.25,31.05,31.5,31.45,31.35,32.05,10674,336686.0,49.85,17.35,116,INE460C01014,2020-12-18,2020-12-17T18:30:00.000Z,2020-12-18T12:01:04.580Z,2020-12-18T12:01:04.580Z,0,31.54,18-Dec-2020,
189,5fe08e63fdf1090008bcd59c,GANESHHOUC,EQ,N,32.7,29.9,31.45,29.95,30.2,31.45,39516,1244205.1,49.85,17.35,287,INE460C01014,2020-12-21,2020-12-20T18:30:00.000Z,2020-12-21T12:00:35.212Z,2020-12-21T12:00:35.212Z,0,31.49,21-Dec-2020,
190,5fe1dfe3652c6e000814a5ec,GANESHHOUC,EQ,N,30.95,29.15,29.55,29.35,29.75,29.95,21064,624007.9,49.85,17.35,196,INE460C01014,2020-12-22,2020-12-21T18:30:00.000Z,2020-12-22T12:00:35.920Z,2020-12-22T12:00:35.920Z,0,29.62,22-Dec-2020,
191,5fe331660569620008dc3e4f,GANESHHOUC,EQ,N,30.8,29.0,30.35,30.8,30.8,29.35,9196,279535.9,49.85,17.35,98,INE460C01014,2020-12-23,2020-12-22T18:30:00.000Z,2020-12-23T12:00:38.833Z,2020-12-23T12:00:38.833Z,0,30.4,23-Dec-2020,
192,5fe482ffcca28d000877d19c,GANESHHOUC,EQ,N,32.3,31.05,32.15,31.25,31.4,30.8,19661,623869.85,49.85,17.35,192,INE460C01014,2020-12-24,2020-12-23T18:30:00.000Z,2020-12-24T12:01:03.913Z,2020-12-24T12:01:03.913Z,0,31.73,24-Dec-2020,
193,5fe9c8e5c94f580008f4f73f,GANESHHOUC,EQ,N,32.8,31.25,31.25,32.35,32.0,31.25,33043,1072452.35,49.85,17.35,179,INE460C01014,2020-12-28,2020-12-27T18:30:00.000Z,2020-12-28T12:00:37.499Z,2020-12-28T12:00:37.499Z,0,32.46,28-Dec-2020,
194,5feb1a5d0569620008e049f1,GANESHHOUC,EQ,N,32.95,31.0,31.4,31.45,31.65,32.35,15796,495953.2,49.85,17.35,205,INE460C01014,2020-12-29,2020-12-28T18:30:00.000Z,2020-12-29T12:00:29.317Z,2020-12-29T12:00:29.317Z,0,31.4,29-Dec-2020,
195,5fec6c0065de43000891526b,GANESHHOUC,EQ,N,32.9,31.3,32.9,31.95,31.6,31.45,28835,917631.8,49.85,17.35,173,INE460C01014,2020-12-30,2020-12-29T18:30:00.000Z,2020-12-30T12:01:04.214Z,2020-12-30T12:01:04.214Z,0,31.82,30-Dec-2020,
196,5fedbd8265de43000892363e,GANESHHOUC,EQ,N,32.75,30.4,32.5,30.95,30.95,31.95,75832,2366096.55,49.85,17.35,396,INE460C01014,2020-12-31,2020-12-30T18:30:00.000Z,2020-12-31T12:01:06.224Z,2020-12-31T12:01:06.224Z,0,31.2,31-Dec-2020,
197,5fef0ee565de4300089332da,GANESHHOUC,EQ,N,31.75,30.95,31.4,31.6,31.5,30.95,17113,538237.55,49.85,17.35,161,INE460C01014,2021-01-01,2020-12-31T18:30:00.000Z,2021-01-01T12:00:37.066Z,2021-01-01T12:00:37.066Z,0,31.45,01-Jan-2021,
198,5ff329002802680008932256,GANESHHOUC,EQ,N,33.15,31.25,32.05,33.15,33.15,31.6,72395,2389122.4,49.85,17.35,202,INE460C01014,2021-01-04,2021-01-03T18:30:00.000Z,2021-01-04T14:41:04.640Z,2021-01-04T14:41:04.640Z,0,33.0,04-Jan-2021,
199,5ff45fc8345f1a00088597a8,GANESHHOUC,EQ,N,34.8,34.8,34.8,34.8,34.8,33.15,28448,989990.4,49.85,17.35,100,INE460C01014,2021-01-05,2021-01-04T18:30:00.000Z,2021-01-05T12:47:04.264Z,2021-01-05T12:47:04.264Z,0,34.8,05-Jan-2021,
200,5ff5a68165de43000895f925,GANESHHOUC,EQ,N,36.5,33.6,36.45,34.2,34.5,34.8,94895,3379446.4,49.85,17.35,523,INE460C01014,2021-01-06,2021-01-05T18:30:00.000Z,2021-01-06T12:01:05.421Z,2021-01-06T12:01:05.421Z,0,35.61,06-Jan-2021,
201,5ff6f7e3345f1a0008876a32,GANESHHOUC,EQ,N,35.9,34.95,35.85,35.9,35.9,34.2,35774,1278760.5,49.85,17.35,188,INE460C01014,2021-01-07,2021-01-06T18:30:00.000Z,2021-01-07T12:00:35.495Z,2021-01-07T12:00:35.495Z,0,35.75,07-Jan-2021,
202,5ff8496265de43000897d47b,GANESHHOUC,EQ,N,37.15,34.25,35.05,35.0,35.0,35.9,49837,1793860.15,49.85,17.35,554,INE460C01014,2021-01-08,2021-01-07T18:30:00.000Z,2021-01-08T12:00:34.990Z,2021-01-08T12:00:34.990Z,0,35.99,08-Jan-2021,
203,5ffc3e007ddd690008b04f14,GANESHHOUC,EQ,N,35.85,33.25,35.0,33.25,33.25,35.0,32627,1095615.7,49.85,17.35,248,INE460C01014,2021-01-11,2021-01-10T18:30:00.000Z,2021-01-11T12:01:04.835Z,2021-01-11T12:01:04.835Z,0,33.58,11-Jan-2021,
204,5ffd8f805a018800080250b9,GANESHHOUC,EQ,N,34.25,31.6,34.25,32.05,32.35,33.25,63570,2039608.0,49.85,17.35,534,INE460C01014,2021-01-12,2021-01-11T18:30:00.000Z,2021-01-12T12:01:04.475Z,2021-01-12T12:01:04.475Z,0,32.08,12-Jan-2021,
205,5f96ba646479130008a5285a,GANESHHOUC,EQ,N,25.95,25.0,25.25,25.3,25.35,25.25,2773,70347.35,49.85,17.35,73,INE460C01014,2020-10-26,2020-10-25T18:30:00.000Z,2020-10-26T12:00:36.952Z,2020-10-26T12:00:36.952Z,0,25.37,26-Oct-2020,
206,5f980c002a17b100088d5b6f,GANESHHOUC,EQ,N,25.9,24.8,25.05,25.0,25.0,25.3,11067,278408.9,49.85,17.35,80,INE460C01014,2020-10-27,2020-10-26T18:30:00.000Z,2020-10-27T12:01:04.157Z,2020-10-27T12:01:04.157Z,0,25.16,27-Oct-2020,
207,5f995d5f022fa70008f837c4,GANESHHOUC,EQ,N,25.8,24.5,25.65,24.8,24.7,25.0,2429,60397.75,49.85,17.35,83,INE460C01014,2020-10-28,2020-10-27T18:30:00.000Z,2020-10-28T12:00:31.228Z,2020-10-28T12:00:31.228Z,0,24.87,28-Oct-2020,
208,5f9aaee4022fa70008f840a6,GANESHHOUC,EQ,N,25.25,24.2,24.35,25.25,25.25,24.8,6965,170688.4,49.85,17.35,73,INE460C01014,2020-10-29,2020-10-28T18:30:00.000Z,2020-10-29T12:00:36.218Z,2020-10-29T12:00:36.218Z,0,24.51,29-Oct-2020,
209,5f9c0063b6dbb5000825b254,GANESHHOUC,EQ,N,25.3,24.25,24.3,25.0,25.1,25.25,7819,193623.9,49.85,17.35,104,INE460C01014,2020-10-30,2020-10-29T18:30:00.000Z,2020-10-30T12:00:35.643Z,2020-10-30T12:00:35.643Z,0,24.76,30-Oct-2020,
210,5f9ff4ff59ba9100086bd229,GANESHHOUC,EQ,N,26.0,24.5,24.55,24.8,25.35,25.0,10031,249969.7,49.85,17.35,111,INE460C01014,2020-11-02,2020-11-01T18:30:00.000Z,2020-11-02T12:01:03.913Z,2020-11-02T12:01:03.913Z,0,24.92,02-Nov-2020,
211,5fa14665b6dbb5000825bc00,GANESHHOUC,EQ,N,25.8,24.45,25.8,24.45,24.85,24.8,4339,106475.15,49.85,17.35,60,INE460C01014,2020-11-03,2020-11-02T18:30:00.000Z,2020-11-03T12:00:37.264Z,2020-11-03T12:00:37.264Z,0,24.54,03-Nov-2020,
212,5fa297e6022fa70008f8549c,GANESHHOUC,EQ,N,24.9,24.2,24.55,24.25,24.25,24.45,3690,90396.65,49.85,17.35,71,INE460C01014,2020-11-04,2020-11-03T18:30:00.000Z,2020-11-04T12:00:38.572Z,2020-11-04T12:00:38.572Z,0,24.5,04-Nov-2020,
213,5fa3e96574b6670008117e4b,GANESHHOUC,EQ,N,24.95,24.3,24.95,24.6,24.65,24.25,4866,119800.25,49.85,17.35,42,INE460C01014,2020-11-05,2020-11-04T18:30:00.000Z,2020-11-05T12:00:37.082Z,2020-11-05T12:00:37.082Z,0,24.62,05-Nov-2020,
214,5fa53ae3e39d1b0009aa9515,GANESHHOUC,EQ,N,25.25,24.6,24.6,24.9,24.75,24.6,7572,187560.35,49.85,17.35,94,INE460C01014,2020-11-06,2020-11-05T18:30:00.000Z,2020-11-06T12:00:35.630Z,2020-11-06T12:00:35.630Z,0,24.77,06-Nov-2020,
215,5fa92f64022fa70008f863df,GANESHHOUC,EQ,N,26.1,24.55,24.9,26.1,26.1,24.9,17323,445252.7,49.85,17.35,198,INE460C01014,2020-11-09,2020-11-08T18:30:00.000Z,2020-11-09T12:00:36.508Z,2020-11-09T12:00:36.508Z,0,25.7,09-Nov-2020,
216,5faa80e2cef71300089157e7,GANESHHOUC,EQ,N,27.4,26.25,26.95,26.35,26.35,26.1,10793,288621.25,49.85,17.35,163,INE460C01014,2020-11-10,2020-11-09T18:30:00.000Z,2020-11-10T12:00:34.388Z,2020-11-10T12:00:34.388Z,0,26.74,10-Nov-2020,
217,5fabd26674b66700081188c4,GANESHHOUC,EQ,N,26.85,25.3,26.3,26.0,26.65,26.35,14688,381321.65,49.85,17.35,130,INE460C01014,2020-11-11,2020-11-10T18:30:00.000Z,2020-11-11T12:00:38.620Z,2020-11-11T12:00:38.620Z,0,25.96,11-Nov-2020,
218,5fad23e3d5e18c0008685bc9,GANESHHOUC,EQ,N,27.2,25.3,26.7,26.75,26.1,26.0,25569,679582.3,49.85,17.35,216,INE460C01014,2020-11-12,2020-11-11T18:30:00.000Z,2020-11-12T12:00:35.239Z,2020-11-12T12:00:35.239Z,0,26.58,12-Nov-2020,
219,5fae757f74b66700081194a1,GANESHHOUC,EQ,N,27.15,26.05,26.5,26.4,26.9,26.75,7665,203072.45,49.85,17.35,79,INE460C01014,2020-11-13,2020-11-12T18:30:00.000Z,2020-11-13T12:01:03.929Z,2020-11-13T12:01:03.929Z,0,26.49,13-Nov-2020,
220,5fafeb91cef713000891657b,GANESHHOUC,EQ,N,27.4,25.1,27.4,26.4,26.65,26.4,6293,165025.35,49.85,17.35,93,INE460C01014,2020-11-14,2020-11-13T18:30:00.000Z,2020-11-14T14:37:05.774Z,2020-11-14T14:37:05.774Z,0,26.22,14-Nov-2020,
221,5fb3bb8006a1d00008ad0929,GANESHHOUC,EQ,N,27.7,25.6,25.7,27.7,27.7,26.4,11718,322721.15,49.85,17.35,170,INE460C01014,2020-11-17,2020-11-16T18:30:00.000Z,2020-11-17T12:01:04.114Z,2020-11-17T12:01:04.114Z,0,27.54,17-Nov-2020,
222,5fb511b2df20a4000804288a,GANESHHOUC,EQ,N,28.85,26.6,28.0,26.75,26.8,27.7,31805,877269.45,49.85,17.35,529,INE460C01014,2020-11-18,2020-11-17T18:30:00.000Z,2020-11-18T12:21:06.379Z,2020-11-18T12:21:06.379Z,0,27.58,18-Nov-2020,
223,5fb65e62c21f05000895cedc,GANESHHOUC,EQ,N,28.05,25.8,26.8,28.05,28.05,26.75,54945,1492743.7,49.85,17.35,592,INE460C01014,2020-11-19,2020-11-18T18:30:00.000Z,2020-11-19T12:00:34.565Z,2020-11-19T12:00:34.565Z,0,27.17,19-Nov-2020,
224,5fb7afe694bf500008b25d48,GANESHHOUC,EQ,N,28.8,27.45,28.65,27.95,28.45,28.05,17421,491617.7,49.85,17.35,109,INE460C01014,2020-11-20,2020-11-19T18:30:00.000Z,2020-11-20T12:00:38.447Z,2020-11-20T12:00:38.447Z,0,28.22,20-Nov-2020,
225,5fbba4635e525900089310c7,GANESHHOUC,EQ,N,28.2,27.2,28.0,27.6,27.55,27.95,10498,290727.45,49.85,17.35,78,INE460C01014,2020-11-23,2020-11-22T18:30:00.000Z,2020-11-23T12:00:35.903Z,2020-11-23T12:00:35.903Z,0,27.69,23-Nov-2020,
226,5fbcf5ff6a74050008b28a35,GANESHHOUC,EQ,N,28.3,27.55,27.75,27.8,28.0,27.6,14433,401533.8,49.85,17.35,180,INE460C01014,2020-11-24,2020-11-23T18:30:00.000Z,2020-11-24T12:01:03.912Z,2020-11-24T12:01:03.912Z,0,27.82,24-Nov-2020,
227,5fbe476587ed3b0008004e23,GANESHHOUC,EQ,N,28.35,27.1,27.3,27.9,27.5,27.8,13189,365982.75,49.85,17.35,148,INE460C01014,2020-11-25,2020-11-24T18:30:00.000Z,2020-11-25T12:00:37.170Z,2020-11-25T12:00:37.170Z,0,27.75,25-Nov-2020,
228,5fbf98e3a33acb0008385ebd,GANESHHOUC,EQ,N,29.25,27.5,28.75,29.25,29.25,27.9,27770,802248.9,49.85,17.35,141,INE460C01014,2020-11-26,2020-11-25T18:30:00.000Z,2020-11-26T12:00:35.995Z,2020-11-26T12:00:35.995Z,0,28.89,26-Nov-2020,
229,5fc0ea805e5259000894e60c,GANESHHOUC,EQ,N,30.7,28.75,29.3,30.7,30.7,29.25,29683,899013.2,49.85,17.35,192,INE460C01014,2020-11-27,2020-11-26T18:30:00.000Z,2020-11-27T12:01:04.019Z,2020-11-27T12:01:04.019Z,0,30.29,27-Nov-2020,
230,5fc6305feb74920008ab9206,GANESHHOUC,EQ,N,32.2,30.0,31.7,32.2,32.2,30.7,32179,1009207.1,49.85,17.35,283,INE460C01014,2020-12-01,2020-11-30T18:30:00.000Z,2020-12-01T12:00:31.664Z,2020-12-01T12:00:31.664Z,0,31.36,01-Dec-2020,
231,5fc78200fdaa170009fa87d4,GANESHHOUC,EQ,N,33.8,32.1,33.65,33.8,33.8,32.2,32305,1087554.55,49.85,17.35,232,INE460C01014,2020-12-02,2020-12-01T18:30:00.000Z,2020-12-02T12:01:04.316Z,2020-12-02T12:01:04.316Z,0,33.67,02-Dec-2020,
232,5fc8d35dfdaa170009fb60d9,GANESHHOUC,EQ,N,35.45,34.6,34.95,35.45,35.45,33.8,39651,1400815.4,49.85,17.35,156,INE460C01014,2020-12-03,2020-12-02T18:30:00.000Z,2020-12-03T12:00:29.773Z,2020-12-03T12:00:29.773Z,0,35.33,03-Dec-2020,
233,5f5f5b65d8f5e500081a923c,GANESHHOUC,EQ,N,26.95,25.55,26.05,26.45,26.4,25.85,14737,386500.35,49.85,17.35,125,INE460C01014,2020-09-14,2020-09-13T18:30:00.000Z,2020-09-14T12:00:37.315Z,2020-09-14T12:00:37.315Z,0,26.23,14-Sep-2020,
234,5f60ace485f66a00082f23ea,GANESHHOUC,EQ,N,27.25,25.4,26.35,26.25,26.6,26.45,6135,161520.45,49.85,17.35,171,INE460C01014,2020-09-15,2020-09-14T18:30:00.000Z,2020-09-15T12:00:36.627Z,2020-09-15T12:00:36.627Z,0,26.33,15-Sep-2020,
235,5f61fe80881ad000082d4b33,GANESHHOUC,EQ,N,27.55,25.35,26.05,26.4,26.0,26.25,25985,684337.05,49.85,17.35,198,INE460C01014,2020-09-16,2020-09-15T18:30:00.000Z,2020-09-16T12:01:04.444Z,2020-09-16T12:01:04.444Z,0,26.34,16-Sep-2020,
236,5f6350004bb3370008cc1b6d,GANESHHOUC,EQ,N,27.35,25.75,25.75,27.0,27.0,26.4,14871,399266.55,49.85,17.35,137,INE460C01014,2020-09-17,2020-09-16T18:30:00.000Z,2020-09-17T12:01:04.335Z,2020-09-17T12:01:04.335Z,0,26.85,17-Sep-2020,
237,5f64a180b3e7590008061c4e,GANESHHOUC,EQ,N,27.9,25.75,27.0,26.1,26.45,27.0,25086,673119.05,49.85,17.35,161,INE460C01014,2020-09-18,2020-09-17T18:30:00.000Z,2020-09-18T12:01:04.352Z,2020-09-18T12:01:04.352Z,0,26.83,18-Sep-2020,
238,5f6895e238ec4f0008c0fb57,GANESHHOUC,EQ,N,26.95,25.5,26.1,25.55,25.9,26.1,7106,184624.9,49.85,17.35,63,INE460C01014,2020-09-21,2020-09-20T18:30:00.000Z,2020-09-21T12:00:34.684Z,2020-09-21T12:00:34.684Z,0,25.98,21-Sep-2020,"[{'symbol': 'GANESHHOUC', 'series': 'EQ', 'ind': '-', 'faceVal': '10', 'subject': ' Annual General Meeting', 'exDate': '21-Sep-2020', 'recDate': '-', 'bcStartDate': '23-Sep-2020', 'bcEndDate': '29-Sep-2020', 'ndStartDate': '-', 'comp': 'Ganesh Housing Corporation Limited', 'isin': 'INE460C01014', 'ndEndDate': '-', 'caBroadcastDate': None}]"
239,5f69e78095ff530008e3929f,GANESHHOUC,EQ,N,26.5,24.3,24.6,25.95,26.0,25.55,18659,468560.05,49.85,17.35,137,INE460C01014,2020-09-22,2020-09-21T18:30:00.000Z,2020-09-22T12:01:04.232Z,2020-09-22T12:01:04.232Z,0,25.11,22-Sep-2020,
240,5f6b38e378ccfd0008ab03f0,GANESHHOUC,EQ,N,25.75,25.1,25.35,25.75,25.6,25.95,5452,139075.8,49.85,17.35,38,INE460C01014,2020-09-23,2020-09-22T18:30:00.000Z,2020-09-23T12:00:35.629Z,2020-09-23T12:00:35.629Z,0,25.51,23-Sep-2020,
241,5f6c8a6195ff530008e39c73,GANESHHOUC,EQ,N,26.9,24.5,25.2,26.25,26.8,25.75,25664,660886.6,49.85,17.35,185,INE460C01014,2020-09-24,2020-09-23T18:30:00.000Z,2020-09-24T12:00:33.859Z,2020-09-24T12:00:33.859Z,0,25.75,24-Sep-2020,
242,5f6ddbe51f5dbf0008782ec9,GANESHHOUC,EQ,N,27.55,25.25,26.35,27.35,27.4,26.25,15002,405007.7,49.85,17.35,122,INE460C01014,2020-09-25,2020-09-24T18:30:00.000Z,2020-09-25T12:00:37.761Z,2020-09-25T12:00:37.761Z,0,27.0,25-Sep-2020,
243,5f71d05e95ff530008e3aa03,GANESHHOUC,EQ,N,28.3,26.85,27.3,27.55,27.0,27.35,6156,169034.15,49.85,17.35,61,INE460C01014,2020-09-28,2020-09-27T18:30:00.000Z,2020-09-28T12:00:30.596Z,2020-09-28T12:00:30.596Z,0,27.46,28-Sep-2020,
244,5f7321e36c37890008e1bd4a,GANESHHOUC,EQ,N,28.25,27.0,27.05,27.7,28.25,27.55,3704,101092.5,49.85,17.35,56,INE460C01014,2020-09-29,2020-09-28T18:30:00.000Z,2020-09-29T12:00:35.635Z,2020-09-29T12:00:35.635Z,0,27.29,29-Sep-2020,
245,5f747367da1e160008e261eb,GANESHHOUC,EQ,N,28.05,27.55,27.55,27.6,27.6,27.7,3882,107537.45,49.85,17.35,39,INE460C01014,2020-09-30,2020-09-29T18:30:00.000Z,2020-09-30T12:00:39.775Z,2020-09-30T12:00:39.775Z,0,27.7,30-Sep-2020,
246,5f75c4dee6999100084e777a,GANESHHOUC,EQ,N,28.0,26.6,27.5,26.75,27.45,27.6,6701,184059.2,49.85,17.35,56,INE460C01014,2020-10-01,2020-09-30T18:30:00.000Z,2020-10-01T12:00:30.703Z,2020-10-01T12:00:30.703Z,0,27.47,01-Oct-2020,
247,5f7b0b0052d75a0008b56720,GANESHHOUC,EQ,N,27.6,26.3,26.4,26.4,27.05,26.75,3446,91780.35,49.85,17.35,66,INE460C01014,2020-10-05,2020-10-04T18:30:00.000Z,2020-10-05T12:01:04.247Z,2020-10-05T12:01:04.247Z,0,26.63,05-Oct-2020,
248,5f7c5c7ffcd970000940937a,GANESHHOUC,EQ,N,26.95,25.7,26.05,26.4,26.4,26.4,6042,158281.1,49.85,17.35,73,INE460C01014,2020-10-06,2020-10-05T18:30:00.000Z,2020-10-06T12:01:03.590Z,2020-10-06T12:01:03.590Z,0,26.2,06-Oct-2020,
249,5f7dade43e35d40008457edd,GANESHHOUC,EQ,N,27.7,26.0,26.45,27.05,27.05,26.4,12433,332983.85,49.85,17.35,80,INE460C01014,2020-10-07,2020-10-06T18:30:00.000Z,2020-10-07T12:00:36.691Z,2020-10-07T12:00:36.691Z,0,26.78,07-Oct-2020,
250,5f7eff7f3492d40008f03595,GANESHHOUC,EQ,N,27.45,26.4,26.55,26.5,26.5,27.05,6866,183183.6,49.85,17.35,45,INE460C01014,2020-10-08,2020-10-07T18:30:00.000Z,2020-10-08T12:01:03.831Z,2020-10-08T12:01:03.831Z,0,26.68,08-Oct-2020,
251,5f8050ff547d2f00083f3b4d,GANESHHOUC,EQ,N,27.3,26.0,26.5,26.5,26.5,26.5,4303,113328.6,49.85,17.35,63,INE460C01014,2020-10-09,2020-10-08T18:30:00.000Z,2020-10-09T12:01:03.688Z,2020-10-09T12:01:03.688Z,0,26.34,09-Oct-2020,
252,5f844565547d2f00083f4bf9,GANESHHOUC,EQ,N,27.1,25.8,26.05,26.2,26.15,26.5,4603,121352.5,49.85,17.35,41,INE460C01014,2020-10-12,2020-10-11T18:30:00.000Z,2020-10-12T12:00:37.083Z,2020-10-12T12:00:37.083Z,0,26.36,12-Oct-2020,
253,5f859702547d2f00083f550d,GANESHHOUC,EQ,N,27.2,25.95,27.15,26.35,26.3,26.2,12321,327103.9,49.85,17.35,86,INE460C01014,2020-10-13,2020-10-12T18:30:00.000Z,2020-10-13T12:01:06.017Z,2020-10-13T12:01:06.017Z,0,26.55,13-Oct-2020,
254,5f86e880e47ceb0008d020b9,GANESHHOUC,EQ,N,26.7,25.4,26.1,25.95,25.9,26.35,7413,191788.75,49.85,17.35,64,INE460C01014,2020-10-14,2020-10-13T18:30:00.000Z,2020-10-14T12:01:04.111Z,2020-10-14T12:01:04.111Z,0,25.87,14-Oct-2020,
255,5f8839ffa4af97000834337e,GANESHHOUC,EQ,N,26.7,24.8,26.7,25.15,25.55,25.95,16885,425735.5,49.85,17.35,131,INE460C01014,2020-10-15,2020-10-14T18:30:00.000Z,2020-10-15T12:01:03.924Z,2020-10-15T12:01:03.924Z,0,25.21,15-Oct-2020,
256,5f898b61a4af970008343cb7,GANESHHOUC,EQ,N,25.5,24.3,24.3,25.45,25.5,25.15,6072,151725.65,49.85,17.35,40,INE460C01014,2020-10-16,2020-10-15T18:30:00.000Z,2020-10-16T12:00:33.802Z,2020-10-16T12:00:33.802Z,0,24.99,16-Oct-2020,
257,5f8d7fdcf1c69e000850b60b,GANESHHOUC,EQ,N,26.25,25.0,26.25,25.45,25.75,25.45,4110,105176.15,49.85,17.35,42,INE460C01014,2020-10-19,2020-10-18T18:30:00.000Z,2020-10-19T12:00:28.903Z,2020-10-19T12:00:28.903Z,0,25.59,19-Oct-2020,
258,5f8ed163f1c69e000850befd,GANESHHOUC,EQ,N,26.5,24.3,26.5,24.55,24.6,25.45,16537,409359.85,49.85,17.35,172,INE460C01014,2020-10-20,2020-10-19T18:30:00.000Z,2020-10-20T12:00:35.808Z,2020-10-20T12:00:35.808Z,0,24.75,20-Oct-2020,
259,5f9023009b381a00088ff540,GANESHHOUC,EQ,N,25.45,24.1,25.2,24.9,24.6,24.55,12602,311072.85,49.85,17.35,131,INE460C01014,2020-10-21,2020-10-20T18:30:00.000Z,2020-10-21T12:01:04.112Z,2020-10-21T12:01:04.112Z,0,24.68,21-Oct-2020,
260,5f9174625967e70008187472,GANESHHOUC,EQ,N,25.55,24.35,24.75,24.65,24.75,24.9,10895,267586.65,49.85,17.35,98,INE460C01014,2020-10-22,2020-10-21T18:30:00.000Z,2020-10-22T12:00:34.340Z,2020-10-22T12:00:34.340Z,0,24.56,22-Oct-2020,
261,5f92c5e41ae58c000825f8ac,GANESHHOUC,EQ,N,25.8,24.7,24.7,25.25,25.25,24.65,6123,155887.35,49.85,17.35,120,INE460C01014,2020-10-23,2020-10-22T18:30:00.000Z,2020-10-23T12:00:36.657Z,2020-10-23T12:00:36.657Z,0,25.46,23-Oct-2020,
262,5f3bc2e5d70352000882ffe7,GANESHHOUC,EQ,N,25.3,23.8,24.05,25.3,25.3,24.1,32605,818694.0,49.85,17.35,146,INE460C01014,2020-08-18,2020-08-17T18:30:00.000Z,2020-08-18T12:00:37.912Z,2020-08-18T12:00:37.912Z,0,25.11,18-Aug-2020,
263,5f3d146417a2ec00084dc561,GANESHHOUC,EQ,N,26.55,25.55,26.55,26.55,26.55,25.3,17674,468933.65,49.85,17.35,83,INE460C01014,2020-08-19,2020-08-18T18:30:00.000Z,2020-08-19T12:00:36.597Z,2020-08-19T12:00:36.597Z,0,26.53,19-Aug-2020,
264,5f3e65dfd840aa0008bc802b,GANESHHOUC,EQ,N,27.85,27.85,27.85,27.85,27.85,26.55,25327,705356.95,49.85,17.35,88,INE460C01014,2020-08-20,2020-08-19T18:30:00.000Z,2020-08-20T12:00:31.736Z,2020-08-20T12:00:31.736Z,0,27.85,20-Aug-2020,
265,5f3fb78027c1bc000890356b,GANESHHOUC,EQ,N,29.2,29.2,29.2,29.2,29.2,27.85,6851,200049.2,49.85,17.35,51,INE460C01014,2020-08-21,2020-08-20T18:30:00.000Z,2020-08-21T12:01:04.790Z,2020-08-21T12:01:04.790Z,0,29.2,21-Aug-2020,
266,5f43abe3517338000877a133,GANESHHOUC,EQ,N,30.25,27.85,30.1,29.8,29.95,29.2,97287,2839837.1,49.85,17.35,756,INE460C01014,2020-08-24,2020-08-23T18:30:00.000Z,2020-08-24T12:00:35.081Z,2020-08-24T12:00:35.081Z,0,29.19,24-Aug-2020,
267,5f44fd80398e530008cbea70,GANESHHOUC,EQ,N,29.75,28.5,29.7,28.65,28.75,29.8,26343,761372.75,49.85,17.35,283,INE460C01014,2020-08-25,2020-08-24T18:30:00.000Z,2020-08-25T12:01:04.030Z,2020-08-25T12:01:04.030Z,0,28.9,25-Aug-2020,
268,5f464effdc93e90008a152ca,GANESHHOUC,EQ,N,30.05,28.85,29.55,30.05,30.05,28.65,46630,1386583.0,49.85,17.35,288,INE460C01014,2020-08-26,2020-08-25T18:30:00.000Z,2020-08-26T12:01:03.968Z,2020-08-26T12:01:03.968Z,0,29.74,26-Aug-2020,
269,5f47a07fd038060009fe163e,GANESHHOUC,EQ,N,31.55,30.05,30.95,31.55,31.55,30.05,41259,1286114.6,49.85,17.35,253,INE460C01014,2020-08-27,2020-08-26T18:30:00.000Z,2020-08-27T12:01:03.772Z,2020-08-27T12:01:03.772Z,0,31.17,27-Aug-2020,
270,5f48f1dd4f56cd000843dd72,GANESHHOUC,EQ,N,32.35,30.1,32.15,31.9,32.0,31.55,41631,1303049.4,49.85,17.35,364,INE460C01014,2020-08-28,2020-08-27T18:30:00.000Z,2020-08-28T12:00:29.803Z,2020-08-28T12:00:29.803Z,0,31.3,28-Aug-2020,
271,5f4ce66658b0e9000908612d,GANESHHOUC,EQ,N,31.35,30.35,30.6,30.35,30.5,31.9,45442,1384054.25,49.85,17.35,160,INE460C01014,2020-08-31,2020-08-30T18:30:00.000Z,2020-08-31T12:00:38.365Z,2020-08-31T12:00:38.365Z,0,30.46,31-Aug-2020,
272,5f4e37e2ebde4f0009f91542,GANESHHOUC,EQ,N,30.0,29.0,29.0,29.3,29.15,30.35,12984,382482.15,49.85,17.35,116,INE460C01014,2020-09-01,2020-08-31T18:30:00.000Z,2020-09-01T12:00:34.934Z,2020-09-01T12:00:34.934Z,0,29.46,01-Sep-2020,
273,5f4f8980f5452d0008a0513f,GANESHHOUC,EQ,N,29.9,28.45,29.0,29.45,29.9,29.3,7506,218064.7,49.85,17.35,62,INE460C01014,2020-09-02,2020-09-01T18:30:00.000Z,2020-09-02T12:01:04.363Z,2020-09-02T12:01:04.363Z,0,29.05,02-Sep-2020,
274,5f50db002a3f71000842c86a,GANESHHOUC,EQ,N,30.0,28.55,29.45,29.05,29.05,29.45,9671,284447.2,49.85,17.35,88,INE460C01014,2020-09-03,2020-09-02T18:30:00.000Z,2020-09-03T12:01:04.654Z,2020-09-03T12:01:04.654Z,0,29.41,03-Sep-2020,
275,5f522c808562d40008453c11,GANESHHOUC,EQ,N,29.8,27.6,29.8,27.95,27.9,29.05,44639,1244943.55,49.85,17.35,196,INE460C01014,2020-09-04,2020-09-03T18:30:00.000Z,2020-09-04T12:01:04.361Z,2020-09-04T12:01:04.361Z,0,27.89,04-Sep-2020,
276,5f5620e39db6d40008c4e4c9,GANESHHOUC,EQ,N,28.1,26.75,26.75,27.65,27.5,27.95,9139,249609.85,49.85,17.35,92,INE460C01014,2020-09-07,2020-09-06T18:30:00.000Z,2020-09-07T12:00:35.742Z,2020-09-07T12:00:35.742Z,0,27.31,07-Sep-2020,
277,5f5772635c8f3c0008c9464a,GANESHHOUC,EQ,N,27.6,26.55,27.0,27.35,26.9,27.65,10737,290161.8,49.85,17.35,145,INE460C01014,2020-09-08,2020-09-07T18:30:00.000Z,2020-09-08T12:00:35.081Z,2020-09-08T12:00:35.081Z,0,27.02,08-Sep-2020,
278,5f58c3e4fb95de00085ab5b4,GANESHHOUC,EQ,N,27.2,26.0,27.2,26.1,26.65,27.35,17906,471625.95,49.85,17.35,101,INE460C01014,2020-09-09,2020-09-08T18:30:00.000Z,2020-09-09T12:00:36.808Z,2020-09-09T12:00:36.808Z,0,26.34,09-Sep-2020,
279,5f5a155d3390f6000817c4a4,GANESHHOUC,EQ,N,27.4,25.95,27.4,26.15,26.2,26.1,7188,189975.85,49.85,17.35,96,INE460C01014,2020-09-10,2020-09-09T18:30:00.000Z,2020-09-10T12:00:29.880Z,2020-09-10T12:00:29.880Z,0,26.43,10-Sep-2020,
280,5f5b66e5b1bd6300081d80b1,GANESHHOUC,EQ,N,27.2,25.45,25.5,25.85,26.35,26.15,3414,87950.4,49.85,17.35,54,INE460C01014,2020-09-11,2020-09-10T18:30:00.000Z,2020-09-11T12:00:37.938Z,2020-09-11T12:00:37.938Z,0,25.76,11-Sep-2020,
281,5f5f5b65d8f5e500081a923c,GANESHHOUC,EQ,N,26.95,25.55,26.05,26.45,26.4,25.85,14737,386500.35,49.85,17.35,125,INE460C01014,2020-09-14,2020-09-13T18:30:00.000Z,2020-09-14T12:00:37.315Z,2020-09-14T12:00:37.315Z,0,26.23,14-Sep-2020,
282,5ef5e37fc1a70000082b9295,GANESHHOUC,EQ,N,34.0,32.1,33.85,33.1,33.35,32.85,61990,2055887.95,54.0,17.35,542,INE460C01014,2020-06-26,2020-06-25T18:30:00.000Z,2020-06-26T12:01:03.594Z,2020-06-26T12:01:03.594Z,0,33.16,26-Jun-2020,
283,5efa2265d683380008b43d34,GANESHHOUC,EQ,N,33.5,31.45,33.5,31.65,32.0,33.1,32546,1029513.2,49.85,17.35,172,INE460C01014,2020-06-29,2020-06-28T18:30:00.000Z,2020-06-29T17:18:29.051Z,2020-06-29T17:18:29.051Z,0,31.63,29-Jun-2020,
284,5efb295c9088950008138f21,GANESHHOUC,EQ,N,31.55,30.1,30.2,30.1,30.1,31.65,39792,1199598.5,49.85,17.35,176,INE460C01014,2020-06-30,2020-06-29T18:30:00.000Z,2020-06-30T12:00:28.698Z,2020-06-30T12:00:28.698Z,0,30.15,30-Jun-2020,
285,5efcc96b0b8f47000850e205,GANESHHOUC,EQ,N,29.4,28.6,28.65,28.6,28.6,30.1,31259,894465.65,49.85,17.35,132,INE460C01014,2020-07-01,2020-06-30T18:30:00.000Z,2020-07-01T17:35:39.052Z,2020-07-01T17:35:39.052Z,0,28.61,01-Jul-2020,
286,5ec2790c5b32f10008a592f1,GANESHHOUC,EQ,N,23.65,21.15,23.65,21.45,21.4,23.05,26809,580673.8,63.2,17.35,213,INE460C01014,2020-05-18,2020-05-17T18:30:00.000Z,2020-05-18T12:01:16.273Z,2020-05-18T12:01:16.273Z,0,21.66,18-May-2020,
287,5ec3ca637ac81d00085e186d,GANESHHOUC,EQ,N,21.95,21.0,21.85,21.15,21.25,21.45,7337,155658.75,63.2,17.35,73,INE460C01014,2020-05-19,2020-05-18T18:30:00.000Z,2020-05-19T12:00:35.691Z,2020-05-19T12:00:35.691Z,0,21.22,19-May-2020,
288,5ec51c00d776c7000837eed7,GANESHHOUC,EQ,N,21.9,20.5,20.7,21.1,21.05,21.15,18049,382591.0,63.2,17.35,161,INE460C01014,2020-05-20,2020-05-19T18:30:00.000Z,2020-05-20T12:01:04.053Z,2020-05-20T12:01:04.053Z,0,21.2,20-May-2020,
289,5ec66d6393ecae00085c0f4f,GANESHHOUC,EQ,N,21.5,19.8,20.2,21.3,21.0,21.1,16257,336663.45,63.2,17.35,140,INE460C01014,2020-05-21,2020-05-20T18:30:00.000Z,2020-05-21T12:00:35.596Z,2020-05-21T12:00:35.596Z,0,20.71,21-May-2020,
290,5ec7beff7e6cba0008f8dff3,GANESHHOUC,EQ,N,21.6,20.55,20.55,20.85,20.7,21.3,14161,294375.35,63.2,17.35,119,INE460C01014,2020-05-22,2020-05-21T18:30:00.000Z,2020-05-22T12:01:03.305Z,2020-05-22T12:01:03.305Z,0,20.79,22-May-2020,
291,5ecd04e10f5c2100084bbe7c,GANESHHOUC,EQ,N,21.45,19.95,20.15,20.85,20.55,20.85,29535,611336.4,63.2,17.35,343,INE460C01014,2020-05-26,2020-05-25T18:30:00.000Z,2020-05-26T12:00:33.625Z,2020-05-26T12:00:33.625Z,0,20.7,26-May-2020,
292,5ece567f2e488c00082ac901,GANESHHOUC,EQ,N,21.25,20.5,20.85,20.8,20.85,20.85,3420,71241.85,63.2,17.35,72,INE460C01014,2020-05-27,2020-05-26T18:30:00.000Z,2020-05-27T12:01:03.518Z,2020-05-27T12:01:03.518Z,0,20.83,27-May-2020,
293,5ecfa7ff413b6c0008208fca,GANESHHOUC,EQ,N,21.45,19.6,21.45,20.75,20.5,20.8,62170,1278204.25,63.2,17.35,278,INE460C01014,2020-05-28,2020-05-27T18:30:00.000Z,2020-05-28T12:01:03.692Z,2020-05-28T12:01:03.692Z,0,20.56,28-May-2020,
294,5ed0fd07623c1d00084ef577,GANESHHOUC,EQ,N,21.4,19.85,20.35,20.95,21.0,20.75,7290,152910.1,63.2,17.35,128,INE460C01014,2020-05-29,2020-05-28T18:30:00.000Z,2020-05-29T12:16:07.202Z,2020-05-29T12:16:07.202Z,0,20.98,29-May-2020,
295,5ed4edff76f1980008126d66,GANESHHOUC,EQ,N,21.8,20.0,20.1,20.85,20.8,20.95,52763,1094040.6,59.05,17.35,432,INE460C01014,2020-06-01,2020-05-31T18:30:00.000Z,2020-06-01T12:01:03.654Z,2020-06-01T12:01:03.654Z,0,20.73,01-Jun-2020,
296,5ee76722a27a6a0008c9ebcb,GANESHHOUC,EQ,N,21.5,20.45,20.55,21.2,21.0,20.85,44903,939349.4,59.05,17.35,350,INE460C01014,2020-06-02,2020-06-01T18:30:00.000Z,2020-06-15T12:18:42.370Z,2020-06-15T12:18:42.370Z,0,20.92,02-Jun-2020,
297,5ed791007a1af200085d0621,GANESHHOUC,EQ,N,22.0,20.25,21.75,21.75,21.6,21.2,41832,886668.15,59.05,17.35,236,INE460C01014,2020-06-03,2020-06-02T18:30:00.000Z,2020-06-03T12:01:04.379Z,2020-06-03T12:01:04.379Z,0,21.2,03-Jun-2020,
298,5ed8e2644439fd0008512766,GANESHHOUC,EQ,N,23.3,21.05,21.05,22.9,23.1,21.75,31796,717221.85,59.05,17.35,250,INE460C01014,2020-06-04,2020-06-03T18:30:00.000Z,2020-06-04T12:00:36.489Z,2020-06-04T12:00:36.489Z,0,22.56,04-Jun-2020,
299,5eda340044f13100088b571f,GANESHHOUC,EQ,N,24.4,21.85,22.9,24.25,24.4,22.9,30798,726605.0,59.05,17.35,211,INE460C01014,2020-06-05,2020-06-04T18:30:00.000Z,2020-06-05T12:01:04.013Z,2020-06-05T12:01:04.013Z,0,23.59,05-Jun-2020,
300,5ef243cbb998c10008afc81c,GANESHHOUC,EQ,N,26.65,24.5,25.95,25.9,26.0,24.25,40285,1047524.0,58.9,17.35,597,INE460C01014,2020-06-08,2020-06-07T18:30:00.000Z,2020-06-23T18:02:51.614Z,2020-06-23T18:02:51.614Z,0,26.0,08-Jun-2020,
301,5ef243e0ba3ac100096f15da,GANESHHOUC,EQ,N,27.8,24.75,27.8,24.95,25.0,25.9,16050,407117.05,58.9,17.35,165,INE460C01014,2020-06-09,2020-06-08T18:30:00.000Z,2020-06-23T18:03:12.372Z,2020-06-23T18:03:12.372Z,0,25.37,09-Jun-2020,
302,5ef24476f328a00008db0926,GANESHHOUC,EQ,N,25.55,24.15,25.55,24.85,24.55,24.95,5279,130408.7,58.9,17.35,148,INE460C01014,2020-06-10,2020-06-09T18:30:00.000Z,2020-06-23T18:05:42.217Z,2020-06-23T18:05:42.217Z,0,24.7,10-Jun-2020,
303,5ef2444cc4ea2e0008a74d03,GANESHHOUC,EQ,N,25.5,22.5,23.85,23.15,22.8,24.85,38048,906881.15,58.9,17.35,284,INE460C01014,2020-06-11,2020-06-10T18:30:00.000Z,2020-06-23T18:05:00.528Z,2020-06-23T18:05:00.528Z,0,23.84,11-Jun-2020,
304,5ee36ea6f0beca000932bee0,GANESHHOUC,EQ,N,24.4,21.05,21.05,23.55,23.4,23.15,15550,354468.5,58.9,17.35,256,INE460C01014,2020-06-12,2020-06-11T18:30:00.000Z,2020-06-12T12:01:42.383Z,2020-06-12T12:01:42.383Z,0,22.8,12-Jun-2020,
305,5ee768c0fdc386000899ac8a,GANESHHOUC,EQ,N,23.7,22.5,23.55,23.3,23.25,23.55,9457,217592.95,54.0,17.35,176,INE460C01014,2020-06-15,2020-06-14T18:30:00.000Z,2020-06-15T12:25:36.923Z,2020-06-15T12:25:36.923Z,0,23.01,15-Jun-2020,
306,5ee8b4726ad8fa00085c1d9f,GANESHHOUC,EQ,N,24.15,22.15,23.5,22.65,22.75,23.3,18058,409925.8,54.0,17.35,222,INE460C01014,2020-06-16,2020-06-15T18:30:00.000Z,2020-06-16T12:00:50.976Z,2020-06-16T12:00:50.976Z,0,22.7,16-Jun-2020,
307,5eea05e646247b00083064c1,GANESHHOUC,EQ,N,23.5,21.7,22.2,22.65,22.6,22.65,47183,1080256.45,54.0,17.35,260,INE460C01014,2020-06-17,2020-06-16T18:30:00.000Z,2020-06-17T12:00:38.610Z,2020-06-17T12:00:38.610Z,0,22.9,17-Jun-2020,
308,5eeb7f4ec126050008ec9121,GANESHHOUC,EQ,N,23.35,22.0,22.4,22.9,23.1,22.65,31265,717388.6,54.0,17.35,217,INE460C01014,2020-06-18,2020-06-17T18:30:00.000Z,2020-06-18T14:50:54.026Z,2020-06-18T14:50:54.026Z,0,22.95,18-Jun-2020,
309,5eeca908ca24150008292b3b,GANESHHOUC,EQ,N,24.0,22.8,23.85,23.6,23.5,22.9,22720,536515.5,54.0,17.35,228,INE460C01014,2020-06-19,2020-06-18T18:30:00.000Z,2020-06-19T12:01:13.040Z,2020-06-19T12:01:13.040Z,0,23.61,19-Jun-2020,
310,5ef243b25ff88f00087d7b0f,GANESHHOUC,EQ,N,25.95,25.95,25.95,25.95,25.95,23.6,45360,1177092.0,54.0,17.35,202,INE460C01014,2020-06-22,2020-06-21T18:30:00.000Z,2020-06-23T18:02:26.839Z,2020-06-23T18:02:26.839Z,0,25.95,22-Jun-2020,
311,5ef1ef138d7230000817f91f,GANESHHOUC,EQ,N,28.5,28.5,28.5,28.5,28.5,25.95,51239,1460311.5,54.0,17.35,197,INE460C01014,2020-06-23,2020-06-22T18:30:00.000Z,2020-06-23T12:01:23.174Z,2020-06-23T12:01:23.174Z,0,28.5,23-Jun-2020,
312,5f111b2f9efdea00086cbd9e,GANESHHOUC,EQ,N,31.35,30.05,31.3,31.35,31.35,28.5,68472,2143942.45,54.0,17.35,281,INE460C01014,2020-06-24,2020-06-23T18:30:00.000Z,2020-07-17T03:29:51.663Z,2020-07-17T03:29:51.663Z,0,31.31,24-Jun-2020,
313,5f111b5e048982000805a83c,GANESHHOUC,EQ,N,32.9,29.8,32.9,32.85,32.9,31.35,119682,3835506.15,54.0,17.35,1005,INE460C01014,2020-06-25,2020-06-24T18:30:00.000Z,2020-07-17T03:30:38.465Z,2020-07-17T03:30:38.465Z,0,32.05,25-Jun-2020,
314,5ef5e37fc1a70000082b9295,GANESHHOUC,EQ,N,34.0,32.1,33.85,33.1,33.35,32.85,61990,2055887.95,54.0,17.35,542,INE460C01014,2020-06-26,2020-06-25T18:30:00.000Z,2020-06-26T12:01:03.594Z,2020-06-26T12:01:03.594Z,0,33.16,26-Jun-2020,
315,5e8c6b7f097b5b00085ac985,GANESHHOUC,EQ,N,20.45,19.0,19.0,20.45,20.45,19.5,33621,685220.05,72.6,17.35,117,INE460C01014,2020-04-07,2020-04-06T18:30:00.000Z,2020-04-07T12:01:03.364Z,2020-04-07T12:01:03.364Z,0,20.38,07-Apr-2020,
316,5e8dbcff2b81d000080d1494,GANESHHOUC,EQ,N,21.45,20.05,21.45,20.55,20.5,20.45,15988,332080.25,72.6,17.35,161,INE460C01014,2020-04-08,2020-04-07T18:30:00.000Z,2020-04-08T12:01:03.949Z,2020-04-08T12:01:03.949Z,0,20.77,08-Apr-2020,
317,5e8f0e7f9f28990008153cac,GANESHHOUC,EQ,N,22.45,19.75,20.5,22.05,22.3,20.55,33136,698932.75,72.6,17.35,644,INE460C01014,2020-04-09,2020-04-08T18:30:00.000Z,2020-04-09T12:01:03.272Z,2020-04-09T12:01:03.272Z,0,21.09,09-Apr-2020,
318,5e94547e328a590008415522,GANESHHOUC,EQ,N,23.85,20.05,20.1,21.55,21.6,22.05,17940,391705.7,72.6,17.35,437,INE460C01014,2020-04-13,2020-04-12T18:30:00.000Z,2020-04-13T12:01:02.896Z,2020-04-13T12:01:02.896Z,0,21.83,13-Apr-2020,
319,5e96f77ed46af300089bd5f8,GANESHHOUC,EQ,N,22.05,20.5,21.55,21.1,21.05,21.55,23238,490045.7,72.6,17.35,340,INE460C01014,2020-04-15,2020-04-14T18:30:00.000Z,2020-04-15T12:01:03.007Z,2020-04-15T12:01:03.007Z,0,21.09,15-Apr-2020,
320,5e9848e2cd402800080de89d,GANESHHOUC,EQ,N,23.2,21.0,22.75,22.8,22.3,21.1,16470,368726.5,72.6,17.35,233,INE460C01014,2020-04-16,2020-04-15T18:30:00.000Z,2020-04-16T12:00:34.565Z,2020-04-16T12:00:34.565Z,0,22.39,16-Apr-2020,
321,5e999a5cd9a83d0008a9bd53,GANESHHOUC,EQ,N,24.55,23.1,24.5,24.2,23.6,22.8,17441,417660.5,72.6,17.35,334,INE460C01014,2020-04-17,2020-04-16T18:30:00.000Z,2020-04-17T12:00:28.594Z,2020-04-17T12:00:28.594Z,0,23.95,17-Apr-2020,
322,5e9d8effea7d82000850d78c,GANESHHOUC,EQ,N,26.55,24.15,26.55,25.05,24.95,24.2,8659,218151.85,67.7,17.35,230,INE460C01014,2020-04-20,2020-04-19T18:30:00.000Z,2020-04-20T12:01:03.610Z,2020-04-20T12:01:03.610Z,0,25.19,20-Apr-2020,
323,5e9ee0642fa7f400080fef39,GANESHHOUC,EQ,N,25.0,22.55,23.25,23.2,23.1,25.05,15048,348873.1,67.7,17.35,503,INE460C01014,2020-04-21,2020-04-20T18:30:00.000Z,2020-04-21T12:00:36.406Z,2020-04-21T12:00:36.406Z,0,23.18,21-Apr-2020,
324,5ea031e229938c0008a2bc92,GANESHHOUC,EQ,N,25.5,21.15,24.35,25.45,25.2,23.2,104804,2624155.7,67.7,17.35,631,INE460C01014,2020-04-22,2020-04-21T18:30:00.000Z,2020-04-22T12:00:34.459Z,2020-04-22T12:00:34.459Z,0,25.04,22-Apr-2020,
325,5ea1837ff581ca0008bae3ef,GANESHHOUC,EQ,N,27.35,24.0,27.35,26.35,26.25,25.45,29364,765433.5,67.7,17.35,446,INE460C01014,2020-04-23,2020-04-22T18:30:00.000Z,2020-04-23T12:01:03.368Z,2020-04-23T12:01:03.368Z,0,26.07,23-Apr-2020,
326,5ea2d4ff98bd860008322907,GANESHHOUC,EQ,N,26.25,24.55,25.45,25.65,25.1,26.35,15629,401206.95,67.7,17.35,195,INE460C01014,2020-04-24,2020-04-23T18:30:00.000Z,2020-04-24T12:01:03.529Z,2020-04-24T12:01:03.529Z,0,25.67,24-Apr-2020,
327,5ea6c963544ba90008e89908,GANESHHOUC,EQ,N,26.7,23.5,24.25,24.95,24.65,25.65,16072,403006.85,63.2,17.35,165,INE460C01014,2020-04-27,2020-04-26T18:30:00.000Z,2020-04-27T12:00:35.977Z,2020-04-27T12:00:35.977Z,0,25.08,27-Apr-2020,
328,5ea81ae344c8c20008e525a8,GANESHHOUC,EQ,N,25.8,24.5,25.8,24.65,24.5,24.95,19702,483827.0,63.2,17.35,130,INE460C01014,2020-04-28,2020-04-27T18:30:00.000Z,2020-04-28T12:00:35.825Z,2020-04-28T12:00:35.825Z,0,24.56,28-Apr-2020,
329,5ea96c63e9c5d6000806b29b,GANESHHOUC,EQ,N,25.0,23.7,25.0,24.55,24.5,24.65,19196,467684.8,63.2,17.35,147,INE460C01014,2020-04-29,2020-04-28T18:30:00.000Z,2020-04-29T12:00:35.741Z,2020-04-29T12:00:35.741Z,0,24.36,29-Apr-2020,
330,5eaabddc4a869300089a8d87,GANESHHOUC,EQ,N,25.85,24.5,24.8,24.55,24.5,24.55,19651,485393.85,63.2,17.35,157,INE460C01014,2020-04-30,2020-04-29T18:30:00.000Z,2020-04-30T12:00:28.924Z,2020-04-30T12:00:28.924Z,0,24.7,30-Apr-2020,
331,5ef24559b9601200082d862b,GANESHHOUC,EQ,N,23.5,22.35,22.35,23.35,23.5,24.55,10283,236002.15,63.2,17.35,97,INE460C01014,2020-05-04,2020-05-03T18:30:00.000Z,2020-06-23T18:09:29.564Z,2020-06-23T18:09:29.564Z,0,22.95,04-May-2020,
332,5ece2fbca7d7070008238658,GANESHHOUC,EQ,N,23.9,21.5,23.35,22.15,22.0,23.35,16392,364123.8,63.2,17.35,216,INE460C01014,2020-05-05,2020-05-04T18:30:00.000Z,2020-05-27T09:15:40.198Z,2020-05-27T09:15:40.198Z,0,22.21,05-May-2020,
333,5eb2a6e26952ee0008288a70,GANESHHOUC,EQ,N,22.9,21.5,21.65,22.0,22.0,22.15,11243,247570.3,63.2,17.35,130,INE460C01014,2020-05-06,2020-05-05T18:30:00.000Z,2020-05-06T12:00:34.856Z,2020-05-06T12:00:34.856Z,0,22.02,06-May-2020,
334,5eb3f85c5bbde20008dc3d76,GANESHHOUC,EQ,N,22.65,22.0,22.25,22.1,22.05,22.0,11251,248769.65,63.2,17.35,89,INE460C01014,2020-05-07,2020-05-06T18:30:00.000Z,2020-05-07T12:00:28.114Z,2020-05-07T12:00:28.114Z,0,22.11,07-May-2020,
335,5eb549ded9948500083680a5,GANESHHOUC,EQ,N,22.95,21.5,22.15,21.85,21.75,22.1,18033,394703.95,63.2,17.35,153,INE460C01014,2020-05-08,2020-05-07T18:30:00.000Z,2020-05-08T12:00:30.936Z,2020-05-08T12:00:30.936Z,0,21.89,08-May-2020,
336,5eb93e6193bc02000807a052,GANESHHOUC,EQ,N,23.6,22.15,23.35,23.15,23.6,21.85,15123,348369.55,63.2,17.35,157,INE460C01014,2020-05-11,2020-05-10T18:30:00.000Z,2020-05-11T12:00:33.986Z,2020-05-11T12:00:33.986Z,0,23.04,11-May-2020,
337,5eba8fe2dad6ca0008e06a0b,GANESHHOUC,EQ,N,24.0,21.35,24.0,22.35,23.25,23.15,6187,136423.25,63.2,17.35,138,INE460C01014,2020-05-12,2020-05-11T18:30:00.000Z,2020-05-12T12:00:34.494Z,2020-05-12T12:00:34.494Z,0,22.05,12-May-2020,
338,5ebbe162f79ef100088a7607,GANESHHOUC,EQ,N,24.45,21.55,24.3,24.25,24.45,22.35,17598,414237.75,63.2,17.35,257,INE460C01014,2020-05-13,2020-05-12T18:30:00.000Z,2020-05-13T12:00:34.327Z,2020-05-13T12:00:34.327Z,0,23.54,13-May-2020,
339,5ebd32e2b7d0c80008e473b5,GANESHHOUC,EQ,N,24.5,22.55,22.55,23.35,23.4,24.25,5398,125883.15,63.2,17.35,112,INE460C01014,2020-05-14,2020-05-13T18:30:00.000Z,2020-05-14T12:00:34.749Z,2020-05-14T12:00:34.749Z,0,23.32,14-May-2020,
340,5ebe847fc738bf0008c4dbad,GANESHHOUC,EQ,N,25.45,22.8,25.45,23.05,22.8,23.35,8562,199369.0,63.2,17.35,140,INE460C01014,2020-05-15,2020-05-14T18:30:00.000Z,2020-05-15T12:01:03.128Z,2020-05-15T12:01:03.128Z,0,23.29,15-May-2020,
341,5e5f9861e28dc70008eebbc7,GANESHHOUC,EQ,N,29.65,27.0,29.65,27.45,27.2,28.35,19212,535350.55,72.6,27.0,170,INE460C01014,2020-03-04,2020-03-03T18:30:00.000Z,2020-03-04T12:00:33.562Z,2020-03-04T12:00:33.562Z,0,27.87,04-Mar-2020,
342,5e60e9e13022d70008501757,GANESHHOUC,EQ,N,28.0,26.85,27.45,27.15,27.5,27.45,8041,220125.5,72.6,26.85,125,INE460C01014,2020-03-05,2020-03-04T18:30:00.000Z,2020-03-05T12:00:33.380Z,2020-03-05T12:00:33.380Z,0,27.38,05-Mar-2020,
343,5e623b6113351a000888f827,GANESHHOUC,EQ,N,27.0,25.8,27.0,25.8,25.8,27.15,21671,565585.55,72.6,25.8,131,INE460C01014,2020-03-06,2020-03-05T18:30:00.000Z,2020-03-06T12:00:33.523Z,2020-03-06T12:00:33.523Z,0,26.1,06-Mar-2020,
344,5e662fff9fa524000822b955,GANESHHOUC,EQ,N,25.45,24.55,24.6,24.55,24.55,25.8,32093,788713.25,72.6,24.55,198,INE460C01014,2020-03-09,2020-03-08T18:30:00.000Z,2020-03-09T12:01:03.302Z,2020-03-09T12:01:03.302Z,0,24.58,09-Mar-2020,
345,5e68d2dc5def9e000876bf87,GANESHHOUC,EQ,N,25.75,23.35,24.15,25.5,25.75,24.55,84230,2042458.45,72.6,23.35,528,INE460C01014,2020-03-11,2020-03-10T18:30:00.000Z,2020-03-11T12:00:28.799Z,2020-03-11T12:00:28.799Z,0,24.25,11-Mar-2020,
346,5e6a246427e7a10008ff1753,GANESHHOUC,EQ,N,25.0,24.25,24.25,24.25,24.25,25.5,8393,203956.0,72.6,23.35,57,INE460C01014,2020-03-12,2020-03-11T18:30:00.000Z,2020-03-12T12:00:36.045Z,2020-03-12T12:00:36.045Z,0,24.3,12-Mar-2020,
347,5e6b75e12901d300081cf897,GANESHHOUC,EQ,N,25.25,23.05,23.05,23.15,23.05,24.25,37260,869098.9,72.6,23.05,193,INE460C01014,2020-03-13,2020-03-12T18:30:00.000Z,2020-03-13T12:00:33.589Z,2020-03-13T12:00:33.589Z,0,23.33,13-Mar-2020,
348,5e6f6a7f5de3ae0008ceb1ff,GANESHHOUC,EQ,N,24.3,22.0,23.0,22.5,22.95,23.15,45997,1015246.6,72.6,22.0,143,INE460C01014,2020-03-16,2020-03-15T18:30:00.000Z,2020-03-16T12:01:03.708Z,2020-03-16T12:01:03.708Z,0,22.07,16-Mar-2020,
349,5e70bbe2c32b4c00086b13bb,GANESHHOUC,EQ,N,22.5,21.4,21.55,21.4,21.4,22.5,23134,498719.85,72.6,21.4,145,INE460C01014,2020-03-17,2020-03-16T18:30:00.000Z,2020-03-17T12:00:34.181Z,2020-03-17T12:00:34.181Z,0,21.56,17-Mar-2020,
350,5e720d658a1f0f0008bf704c,GANESHHOUC,EQ,N,21.8,20.35,21.4,20.35,20.35,21.4,23325,480402.1,72.6,20.35,301,INE460C01014,2020-03-18,2020-03-17T18:30:00.000Z,2020-03-18T12:00:37.099Z,2020-03-18T12:00:37.099Z,0,20.6,18-Mar-2020,
351,5e735ede984da20008ffe871,GANESHHOUC,EQ,N,20.95,19.35,19.35,20.25,20.25,20.35,400234,7789839.9,72.6,19.35,175,INE460C01014,2020-03-19,2020-03-18T18:30:00.000Z,2020-03-19T12:00:30.343Z,2020-03-19T12:00:30.343Z,0,19.46,19-Mar-2020,
352,5e74b062f727ea0008e5b153,GANESHHOUC,EQ,N,20.55,19.25,20.35,19.3,19.25,20.25,77783,1509401.65,72.6,19.25,240,INE460C01014,2020-03-20,2020-03-19T18:30:00.000Z,2020-03-20T12:00:34.055Z,2020-03-20T12:00:34.055Z,0,19.41,20-Mar-2020,
353,5e78a4e352ea370008a7b8bd,GANESHHOUC,EQ,N,18.95,18.35,18.35,18.35,18.35,19.3,26132,479843.15,72.6,18.35,77,INE460C01014,2020-03-23,2020-03-22T18:30:00.000Z,2020-03-23T12:00:35.969Z,2020-03-23T12:00:35.969Z,0,18.36,23-Mar-2020,
354,5e79f67fe7b7180008a9c68d,GANESHHOUC,EQ,N,19.25,17.45,19.25,18.95,19.25,18.35,175571,3119327.95,72.6,17.45,105,INE460C01014,2020-03-24,2020-03-23T18:30:00.000Z,2020-03-24T12:01:03.054Z,2020-03-24T12:01:03.054Z,0,17.77,24-Mar-2020,
355,5e7b47ffada1850008e4482c,GANESHHOUC,EQ,N,19.85,18.05,18.05,18.25,18.1,18.95,21701,401501.1,72.6,17.45,262,INE460C01014,2020-03-25,2020-03-24T18:30:00.000Z,2020-03-25T12:01:03.141Z,2020-03-25T12:01:03.141Z,0,18.5,25-Mar-2020,
356,5e7c997fd2f6610008810cb1,GANESHHOUC,EQ,N,19.15,17.5,17.5,19.1,19.1,18.25,54144,1004900.6,72.6,17.45,210,INE460C01014,2020-03-26,2020-03-25T18:30:00.000Z,2020-03-26T12:01:03.305Z,2020-03-26T12:01:03.305Z,0,18.56,26-Mar-2020,
357,5e7deae32fba8e000887b005,GANESHHOUC,EQ,N,19.95,18.95,19.95,19.15,19.25,19.1,13523,259724.5,72.6,17.45,138,INE460C01014,2020-03-27,2020-03-26T18:30:00.000Z,2020-03-27T12:00:35.053Z,2020-03-27T12:00:35.053Z,0,19.21,27-Mar-2020,
358,5e81dfbeba9bb000080b7910,GANESHHOUC,EQ,N,19.3,18.2,19.2,18.2,18.2,19.15,12839,236093.65,72.6,17.45,113,INE460C01014,2020-03-30,2020-03-29T18:30:00.000Z,2020-03-30T12:02:06.141Z,2020-03-30T12:02:06.141Z,0,18.39,30-Mar-2020,
359,5e8330ffe0c06f00088f859b,GANESHHOUC,EQ,N,18.7,17.35,17.4,17.75,18.0,18.2,52525,937663.8,72.6,17.35,213,INE460C01014,2020-03-31,2020-03-30T18:30:00.000Z,2020-03-31T12:01:03.207Z,2020-03-31T12:01:03.207Z,0,17.85,31-Mar-2020,
360,5e8482628ee8730008348e9e,GANESHHOUC,EQ,N,18.6,18.0,18.5,18.6,18.6,17.75,13254,242899.05,72.6,17.35,109,INE460C01014,2020-04-01,2020-03-31T18:30:00.000Z,2020-04-01T12:00:34.859Z,2020-04-01T12:00:34.859Z,0,18.33,01-Apr-2020,
361,5e872563e4335f0008b35e8a,GANESHHOUC,EQ,N,19.5,18.1,18.1,19.5,19.5,18.6,9753,187655.9,72.6,17.35,51,INE460C01014,2020-04-03,2020-04-02T18:30:00.000Z,2020-04-03T12:00:35.690Z,2020-04-03T12:00:35.690Z,0,19.24,03-Apr-2020,
362,5e8c6b7f097b5b00085ac985,GANESHHOUC,EQ,N,20.45,19.0,19.0,20.45,20.45,19.5,33621,685220.05,72.6,17.35,117,INE460C01014,2020-04-07,2020-04-06T18:30:00.000Z,2020-04-07T12:01:03.364Z,2020-04-07T12:01:03.364Z,0,20.38,07-Apr-2020,
363,5dee377f88cd7d0008bf1bc6,GANESHHOUC,EQ,N,29.85,28.7,29.8,28.75,28.75,29.75,14580,421830.35,74.9,28.0,179,INE460C01014,2019-12-09,2019-12-08T18:30:00.000Z,2019-12-09T12:01:03.780Z,2019-12-09T12:01:03.780Z,0,28.93,09-Dec-2019,
364,5def88ffe7000d0008c6e06d,GANESHHOUC,EQ,N,29.0,28.2,28.35,28.45,28.6,28.75,7562,216911.1,74.9,28.0,132,INE460C01014,2019-12-10,2019-12-09T18:30:00.000Z,2019-12-10T12:01:03.188Z,2019-12-10T12:01:03.188Z,0,28.68,10-Dec-2019,
365,5df0da7f173f8f0008c578ed,GANESHHOUC,EQ,N,29.4,28.15,28.7,28.9,28.95,28.45,17612,507091.7,74.9,28.0,165,INE460C01014,2019-12-11,2019-12-10T18:30:00.000Z,2019-12-11T12:01:03.594Z,2019-12-11T12:01:03.594Z,0,28.79,11-Dec-2019,
366,5df22bfe68de3f00088eae6c,GANESHHOUC,EQ,N,29.85,28.1,28.95,28.35,28.25,28.9,17741,506231.75,74.9,28.0,149,INE460C01014,2019-12-12,2019-12-11T18:30:00.000Z,2019-12-12T12:01:02.871Z,2019-12-12T12:01:02.871Z,0,28.53,12-Dec-2019,
367,5df37d7f95c8b100094416b5,GANESHHOUC,EQ,N,29.45,28.35,29.4,28.8,28.55,28.35,10898,314860.6,74.9,28.0,134,INE460C01014,2019-12-13,2019-12-12T18:30:00.000Z,2019-12-13T12:01:03.102Z,2019-12-13T12:01:03.102Z,0,28.89,13-Dec-2019,
368,5df771ff673a0c0008d2d1b7,GANESHHOUC,EQ,N,33.9,29.0,30.0,31.15,31.0,28.8,139564,4445806.3,74.9,28.0,1383,INE460C01014,2019-12-16,2019-12-15T18:30:00.000Z,2019-12-16T12:01:03.411Z,2019-12-16T12:01:03.411Z,0,31.85,16-Dec-2019,
369,5df8c37f68de3f00088eb8ae,GANESHHOUC,EQ,N,31.75,30.6,30.95,31.5,31.5,31.15,82251,2584435.85,74.9,28.0,405,INE460C01014,2019-12-17,2019-12-16T18:30:00.000Z,2019-12-17T12:01:03.250Z,2019-12-17T12:01:03.250Z,0,31.42,17-Dec-2019,
370,5dfa14ffbda4b900080cbbe8,GANESHHOUC,EQ,N,32.5,31.0,31.1,32.2,32.0,31.5,25251,803661.3,74.9,28.0,283,INE460C01014,2019-12-18,2019-12-17T18:30:00.000Z,2019-12-18T12:01:03.121Z,2019-12-18T12:01:03.121Z,0,31.83,18-Dec-2019,
371,5dfb66639bc9a50008f1dbf9,GANESHHOUC,EQ,N,32.95,30.5,32.95,31.25,30.7,32.2,11807,375473.2,74.9,28.0,201,INE460C01014,2019-12-19,2019-12-18T18:30:00.000Z,2019-12-19T12:00:35.489Z,2019-12-19T12:00:35.489Z,0,31.8,19-Dec-2019,
372,5dfcb7e20d56510008645185,GANESHHOUC,EQ,N,31.8,30.8,31.45,31.1,30.8,31.25,14288,447211.55,74.9,28.0,182,INE460C01014,2019-12-20,2019-12-19T18:30:00.000Z,2019-12-20T12:00:34.912Z,2019-12-20T12:00:34.912Z,0,31.3,20-Dec-2019,
373,5e00ac7ffe98840008e7d769,GANESHHOUC,EQ,N,31.65,30.25,30.25,31.25,31.45,31.1,9995,312730.4,74.9,28.0,145,INE460C01014,2019-12-23,2019-12-22T18:30:00.000Z,2019-12-23T12:01:03.334Z,2019-12-23T12:01:03.334Z,0,31.29,23-Dec-2019,
374,5e01fdfe3538520008107d1e,GANESHHOUC,EQ,N,31.9,30.25,30.6,31.4,31.85,31.25,14811,463600.15,74.9,28.0,155,INE460C01014,2019-12-24,2019-12-23T18:30:00.000Z,2019-12-24T12:01:02.861Z,2019-12-24T12:01:02.861Z,0,31.3,24-Dec-2019,
375,5e04a35716f1bb0008a8adaa,GANESHHOUC,EQ,N,31.75,31.15,31.5,31.2,31.15,31.4,9597,302238.6,74.9,28.0,123,INE460C01014,2019-12-26,2019-12-25T18:30:00.000Z,2019-12-26T12:11:03.018Z,2019-12-26T12:11:03.018Z,0,31.49,26-Dec-2019,
376,5e05f263f1221d0008ea6230,GANESHHOUC,EQ,N,31.75,30.3,31.7,30.8,31.0,31.2,20688,642926.7,74.9,28.0,243,INE460C01014,2019-12-27,2019-12-26T18:30:00.000Z,2019-12-27T12:00:35.613Z,2019-12-27T12:00:35.613Z,0,31.08,27-Dec-2019,
377,5e09e6e2853e8f0008de2858,GANESHHOUC,EQ,N,32.0,30.5,32.0,31.85,31.65,30.8,22143,695732.65,74.9,28.0,292,INE460C01014,2019-12-30,2019-12-29T18:30:00.000Z,2019-12-30T12:00:34.701Z,2019-12-30T12:00:34.701Z,0,31.42,30-Dec-2019,
378,5e0b385e5c67aa00084af59d,GANESHHOUC,EQ,N,32.9,32.05,32.9,32.6,32.4,31.85,22501,731548.5,74.9,28.0,229,INE460C01014,2019-12-31,2019-12-30T18:30:00.000Z,2019-12-31T12:00:30.333Z,2019-12-31T12:00:30.333Z,0,32.51,31-Dec-2019,
379,5e0c89ff7eca93000835cf42,GANESHHOUC,EQ,N,32.9,31.5,32.7,32.55,32.85,32.6,12767,416040.05,74.9,28.0,189,INE460C01014,2020-01-01,2019-12-31T18:30:00.000Z,2020-01-01T12:01:03.154Z,2020-01-01T12:01:03.154Z,0,32.59,01-Jan-2020,
380,5e0ddb7fa604190008fe63ef,GANESHHOUC,EQ,N,39.0,32.25,32.55,37.4,37.55,32.55,129847,4663828.2,74.9,28.0,1247,INE460C01014,2020-01-02,2020-01-01T18:30:00.000Z,2020-01-02T12:01:03.489Z,2020-01-02T12:01:03.489Z,0,35.92,02-Jan-2020,
381,5e0f2ce1bb6d660008439e5e,GANESHHOUC,EQ,N,39.9,36.1,37.6,36.35,36.1,37.4,60643,2305793.95,74.9,28.0,939,INE460C01014,2020-01-03,2020-01-02T18:30:00.000Z,2020-01-03T12:00:33.422Z,2020-01-03T12:00:33.422Z,0,38.02,03-Jan-2020,
382,5e132161ab77820008ef10a1,GANESHHOUC,EQ,N,35.1,33.5,34.7,34.2,34.25,36.35,40165,1373706.95,74.9,28.0,522,INE460C01014,2020-01-06,2020-01-05T18:30:00.000Z,2020-01-06T12:00:33.523Z,2020-01-06T12:00:33.523Z,0,34.2,06-Jan-2020,
383,5e1472e309e5d5000818f219,GANESHHOUC,EQ,N,36.35,33.5,34.9,34.95,35.45,34.2,78915,2756922.95,74.9,28.0,399,INE460C01014,2020-01-07,2020-01-06T18:30:00.000Z,2020-01-07T12:00:35.539Z,2020-01-07T12:00:35.539Z,0,34.94,07-Jan-2020,
384,5e15c47fa590060008578593,GANESHHOUC,EQ,N,34.85,33.9,34.4,34.35,34.45,34.95,11718,401204.8,74.9,28.0,181,INE460C01014,2020-01-08,2020-01-07T18:30:00.000Z,2020-01-08T12:01:03.572Z,2020-01-08T12:01:03.572Z,0,34.24,08-Jan-2020,
385,5e1715e058fadb000853b0f3,GANESHHOUC,EQ,N,37.0,34.3,34.3,35.8,35.8,34.35,27720,989494.3,74.9,28.0,305,INE460C01014,2020-01-09,2020-01-08T18:30:00.000Z,2020-01-09T12:00:32.697Z,2020-01-09T12:00:32.697Z,0,35.7,09-Jan-2020,
386,5e18677f8ce1e80008628ede,GANESHHOUC,EQ,N,42.95,36.1,36.8,42.95,42.95,35.8,383571,15924644.2,74.9,28.0,2250,INE460C01014,2020-01-10,2020-01-09T18:30:00.000Z,2020-01-10T12:01:03.541Z,2020-01-10T12:01:03.541Z,0,41.52,10-Jan-2020,
387,5e1c5be11810e200086e0df7,GANESHHOUC,EQ,N,49.85,41.75,46.9,44.45,45.0,42.95,259476,11918022.35,72.6,28.0,2405,INE460C01014,2020-01-13,2020-01-12T18:30:00.000Z,2020-01-13T12:00:33.923Z,2020-01-13T12:00:33.923Z,0,45.93,13-Jan-2020,
388,5e1dad7fdcdcd40008fc0952,GANESHHOUC,EQ,N,43.75,41.45,43.75,42.1,42.0,44.45,69717,2934091.05,72.6,28.0,750,INE460C01014,2020-01-14,2020-01-13T18:30:00.000Z,2020-01-14T12:01:03.402Z,2020-01-14T12:01:03.402Z,0,42.09,14-Jan-2020,
389,5e1efee323a9bc00085db2f3,GANESHHOUC,EQ,N,44.8,41.55,42.95,43.4,42.9,42.1,104371,4574957.35,72.6,28.0,860,INE460C01014,2020-01-15,2020-01-14T18:30:00.000Z,2020-01-15T12:00:35.700Z,2020-01-15T12:00:35.700Z,0,43.83,15-Jan-2020,
390,5db97b7fa6d3830008caca66,GANESHHOUC,EQ,N,35.45,33.2,34.4,34.55,35.3,34.05,36696,1251908.2,74.9,28.0,501,INE460C01014,2019-10-30,2019-10-29T18:30:00.000Z,2019-10-30T12:01:03.412Z,2019-10-30T12:01:03.412Z,0,34.12,30-Oct-2019,
391,5dbacd00865268000831c594,GANESHHOUC,EQ,N,38.0,35.0,36.95,35.95,36.0,34.55,66535,2404441.35,74.9,28.0,640,INE460C01014,2019-10-31,2019-10-30T18:30:00.000Z,2019-10-31T12:01:04.319Z,2019-10-31T12:01:04.319Z,0,36.14,31-Oct-2019,
392,5dbc1e7f2febd800088c5017,GANESHHOUC,EQ,N,36.9,35.1,36.9,35.6,35.45,35.95,7712,274682.5,74.9,28.0,335,INE460C01014,2019-11-01,2019-10-31T18:30:00.000Z,2019-11-01T12:01:03.341Z,2019-11-01T12:01:03.341Z,0,35.62,01-Nov-2019,
393,5dc012ff15a63000085248f2,GANESHHOUC,EQ,N,36.55,34.3,35.05,34.65,34.7,35.6,28623,1015069.45,74.9,28.0,610,INE460C01014,2019-11-04,2019-11-03T18:30:00.000Z,2019-11-04T12:01:03.609Z,2019-11-04T12:01:03.609Z,0,35.46,04-Nov-2019,
394,5dc1647fc2584d0008e74ea0,GANESHHOUC,EQ,N,34.95,34.0,34.35,34.05,34.05,34.65,8092,277848.1,74.9,28.0,233,INE460C01014,2019-11-05,2019-11-04T18:30:00.000Z,2019-11-05T12:01:03.751Z,2019-11-05T12:01:03.751Z,0,34.34,05-Nov-2019,
395,5dc2b5ff1e6b7b0008938dc1,GANESHHOUC,EQ,N,37.75,34.15,35.3,36.3,36.25,34.05,69189,2494201.95,74.9,28.0,1393,INE460C01014,2019-11-06,2019-11-05T18:30:00.000Z,2019-11-06T12:01:03.427Z,2019-11-06T12:01:03.427Z,0,36.05,06-Nov-2019,
396,5dc4077f149abc00089a2cbe,GANESHHOUC,EQ,N,39.6,35.3,37.55,36.0,35.85,36.3,71156,2670544.15,74.9,28.0,1436,INE460C01014,2019-11-07,2019-11-06T18:30:00.000Z,2019-11-07T12:01:03.757Z,2019-11-07T12:01:03.757Z,0,37.53,07-Nov-2019,
397,5dc558ff149abc00089a3638,GANESHHOUC,EQ,N,36.65,35.0,36.0,35.05,35.2,36.0,29891,1060976.85,74.9,28.0,666,INE460C01014,2019-11-08,2019-11-07T18:30:00.000Z,2019-11-08T12:01:03.735Z,2019-11-08T12:01:03.735Z,0,35.49,08-Nov-2019,
398,5dc94d7ff9478700083605d4,GANESHHOUC,EQ,N,35.8,34.25,34.55,35.3,35.5,35.05,21661,765532.2,74.9,28.0,253,INE460C01014,2019-11-11,2019-11-10T18:30:00.000Z,2019-11-11T12:01:03.478Z,2019-11-11T12:01:03.478Z,0,35.34,11-Nov-2019,
399,5dcbf07e09bcd500080691e9,GANESHHOUC,EQ,N,36.8,33.95,36.8,34.6,34.9,35.3,20415,708032.95,74.9,28.0,443,INE460C01014,2019-11-13,2019-11-12T18:30:00.000Z,2019-11-13T12:01:02.791Z,2019-11-13T12:01:02.791Z,0,34.68,13-Nov-2019,
400,5dcd41ff149abc00089a40ef,GANESHHOUC,EQ,N,34.6,33.3,34.6,33.5,33.35,34.6,19127,641710.6,74.9,28.0,372,INE460C01014,2019-11-14,2019-11-13T18:30:00.000Z,2019-11-14T12:01:03.561Z,2019-11-14T12:01:03.561Z,0,33.55,14-Nov-2019,
401,5dce937fc788bb000842affd,GANESHHOUC,EQ,N,33.9,31.6,33.05,32.15,31.75,33.5,40790,1322674.9,74.9,28.0,765,INE460C01014,2019-11-15,2019-11-14T18:30:00.000Z,2019-11-15T12:01:03.409Z,2019-11-15T12:01:03.409Z,0,32.43,15-Nov-2019,
402,5dd287e12711c60008ee252e,GANESHHOUC,EQ,N,32.8,31.45,31.95,31.8,32.0,32.15,19418,621977.25,74.9,28.0,418,INE460C01014,2019-11-18,2019-11-17T18:30:00.000Z,2019-11-18T12:00:33.974Z,2019-11-18T12:00:33.974Z,0,32.03,18-Nov-2019,
403,5dd3d9613cf4f80008a0287a,GANESHHOUC,EQ,N,33.8,29.6,32.5,30.15,30.25,31.8,37071,1148032.85,74.9,28.0,600,INE460C01014,2019-11-19,2019-11-18T18:30:00.000Z,2019-11-19T12:00:33.757Z,2019-11-19T12:00:33.757Z,0,30.97,19-Nov-2019,
404,5dd52ae176ea300008cbe288,GANESHHOUC,EQ,N,32.1,30.1,30.15,31.1,30.8,30.15,89911,2821199.25,74.9,28.0,629,INE460C01014,2019-11-20,2019-11-19T18:30:00.000Z,2019-11-20T12:00:33.628Z,2019-11-20T12:00:33.628Z,0,31.38,20-Nov-2019,
405,5dd67c7eaed06f00082c57a5,GANESHHOUC,EQ,N,32.4,30.8,31.5,30.95,30.8,31.1,30210,949705.2,74.9,28.0,581,INE460C01014,2019-11-21,2019-11-20T18:30:00.000Z,2019-11-21T12:01:02.979Z,2019-11-21T12:01:02.979Z,0,31.44,21-Nov-2019,
406,5dd7cde1e393f400086fc627,GANESHHOUC,EQ,N,31.6,30.05,31.45,30.9,31.0,30.95,33110,1016523.2,74.9,28.0,538,INE460C01014,2019-11-22,2019-11-21T18:30:00.000Z,2019-11-22T12:00:33.014Z,2019-11-22T12:00:33.014Z,0,30.7,22-Nov-2019,
407,5ddbc27f5b5f1e0008a2b188,GANESHHOUC,EQ,N,31.0,29.95,30.9,30.75,31.0,30.9,83692,2553827.4,74.9,28.0,926,INE460C01014,2019-11-25,2019-11-24T18:30:00.000Z,2019-11-25T12:01:03.447Z,2019-11-25T12:01:03.447Z,0,30.51,25-Nov-2019,
408,5ddd13ffca03a80009b75d2c,GANESHHOUC,EQ,N,31.05,30.2,31.0,30.7,31.0,30.75,33337,1024112.1,74.9,28.0,518,INE460C01014,2019-11-26,2019-11-25T18:30:00.000Z,2019-11-26T12:01:03.571Z,2019-11-26T12:01:03.571Z,0,30.72,26-Nov-2019,
409,5dde657f640e900008bf9c2f,GANESHHOUC,EQ,N,31.5,30.0,31.1,30.15,30.65,30.7,33053,1003932.9,74.9,28.0,400,INE460C01014,2019-11-27,2019-11-26T18:30:00.000Z,2019-11-27T12:01:03.174Z,2019-11-27T12:01:03.174Z,0,30.37,27-Nov-2019,
410,5ddfb6ffb2beec0008e35052,GANESHHOUC,EQ,N,30.8,30.0,30.2,30.2,30.3,30.15,19718,597518.45,74.9,28.0,267,INE460C01014,2019-11-28,2019-11-27T18:30:00.000Z,2019-11-28T12:01:03.478Z,2019-11-28T12:01:03.478Z,0,30.3,28-Nov-2019,
411,5de108614c2b41000880463d,GANESHHOUC,EQ,N,30.55,29.1,30.55,30.0,29.75,30.2,28139,844125.2,74.9,28.0,305,INE460C01014,2019-11-29,2019-11-28T18:30:00.000Z,2019-11-29T12:00:33.439Z,2019-11-29T12:00:33.439Z,0,30.0,29-Nov-2019,
412,5de4fcff06ab98000837862c,GANESHHOUC,EQ,N,30.4,29.35,30.0,29.55,29.5,30.0,19525,581783.8,74.9,28.0,206,INE460C01014,2019-12-02,2019-12-01T18:30:00.000Z,2019-12-02T12:01:03.530Z,2019-12-02T12:01:03.530Z,0,29.8,02-Dec-2019,
413,5dfb2a98999fe80008e7ec41,GANESHHOUC,EQ,N,30.0,29.0,29.9,29.05,29.15,29.55,30095,886147.6,74.9,28.0,319,INE460C01014,2019-12-03,2019-12-02T18:30:00.000Z,2019-12-19T07:45:28.570Z,2019-12-19T07:45:28.570Z,0,29.45,03-Dec-2019,
414,5de79ffe640e900008bfd23a,GANESHHOUC,EQ,N,29.95,29.1,29.75,29.9,29.8,29.05,14158,418841.9,74.9,28.0,265,INE460C01014,2019-12-04,2019-12-03T18:30:00.000Z,2019-12-04T12:01:02.838Z,2019-12-04T12:01:02.838Z,0,29.58,04-Dec-2019,
415,5de8f16193ae890008a4a87a,GANESHHOUC,EQ,N,30.0,29.45,29.55,29.5,29.5,29.9,5700,169167.1,74.9,28.0,138,INE460C01014,2019-12-05,2019-12-04T18:30:00.000Z,2019-12-05T12:00:33.536Z,2019-12-05T12:00:33.536Z,0,29.68,05-Dec-2019,
416,5dea42ff643d80000872c726,GANESHHOUC,EQ,N,29.95,29.0,29.25,29.75,29.85,29.5,17503,515358.65,74.9,28.0,214,INE460C01014,2019-12-06,2019-12-05T18:30:00.000Z,2019-12-06T12:01:03.451Z,2019-12-06T12:01:03.451Z,0,29.44,06-Dec-2019,
417,5dee377f88cd7d0008bf1bc6,GANESHHOUC,EQ,N,29.85,28.7,29.8,28.75,28.75,29.75,14580,421830.35,74.9,28.0,179,INE460C01014,2019-12-09,2019-12-08T18:30:00.000Z,2019-12-09T12:01:03.780Z,2019-12-09T12:01:03.780Z,0,28.93,09-Dec-2019,
