,_id,CH_SYMBOL,CH_SERIES,CH_MARKET_TYPE,CH_TRADE_HIGH_PRICE,CH_TRADE_LOW_PRICE,CH_OPENING_PRICE,CH_CLOSING_PRICE,CH_LAST_TRADED_PRICE,CH_PREVIOUS_CLS_PRICE,CH_TOT_TRADED_QTY,CH_TOT_TRADED_VAL,CH_52WEEK_HIGH_PRICE,CH_52WEEK_LOW_PRICE,CH_TOTAL_TRADES,CH_ISIN,CH_TIMESTAMP,TIMESTAMP,createdAt,updatedAt,__v,VWAP,mTIMESTAMP
0,616eb37f2137b10008e7310e,QNIFTY,EQ,N,1936.0,1873.6,1873.6,1921.15,1920.0,1928.65,26,49994.3,1936.0,1194.0,9,INF082J01028,2021-10-19,2021-10-18T18:30:00.000Z,2021-10-19T12:01:04.006Z,2021-10-19T12:01:04.006Z,0,1922.86,19-Oct-2021
1,61700beeffea140009a3a045,QNIFTY,EQ,N,1978.78,1873.6,1978.78,1900.0,1900.0,1921.15,21,40368.32,1978.78,1194.0,20,INF082J01028,2021-10-20,2021-10-19T18:30:00.000Z,2021-10-20T12:30:38.077Z,2021-10-20T12:30:38.077Z,0,1922.3,20-Oct-2021
2,61715663facf5c0008bb1962,QNIFTY,EQ,N,1903.0,1885.0,1903.0,1889.0,1889.0,1900.0,36,68109.95,1978.78,1194.0,16,INF082J01028,2021-10-21,2021-10-20T18:30:00.000Z,2021-10-21T12:00:35.524Z,2021-10-21T12:00:35.524Z,0,1891.94,21-Oct-2021
3,6172a8052dc18f00080fe89c,QNIFTY,EQ,N,1945.67,1875.0,1945.67,1889.5,1890.0,1889.0,28,53630.85,1978.78,1194.0,18,INF082J01028,2021-10-22,2021-10-21T18:30:00.000Z,2021-10-22T12:01:09.597Z,2021-10-22T12:01:09.597Z,0,1915.39,22-Oct-2021
4,61769c5edb443b0008c8e845,QNIFTY,EQ,N,1896.0,1878.95,1880.0,1886.0,1886.0,1889.5,37,70030.15,1978.78,1194.0,10,INF082J01028,2021-10-25,2021-10-24T18:30:00.000Z,2021-10-25T12:00:30.058Z,2021-10-25T12:00:30.058Z,0,1892.71,25-Oct-2021
5,6177ee002ed3fb00087dee4e,QNIFTY,EQ,N,1898.0,1886.0,1886.0,1896.0,1896.0,1886.0,34,64371.2,1978.78,1194.0,10,INF082J01028,2021-10-26,2021-10-25T18:30:00.000Z,2021-10-26T12:01:04.984Z,2021-10-26T12:01:04.984Z,0,1893.27,26-Oct-2021
6,61793f887220a800093c6e2a,QNIFTY,EQ,N,1912.0,1898.0,1910.2,1899.99,1898.0,1896.0,607,1153417.35,1978.78,1194.0,14,INF082J01028,2021-10-27,2021-10-26T18:30:00.000Z,2021-10-27T12:01:12.105Z,2021-10-27T12:01:12.105Z,0,1900.19,27-Oct-2021
7,617a90e5b698860008b70afe,QNIFTY,EQ,N,1889.1,1868.0,1889.1,1869.89,1870.0,1899.99,346,647141.03,1978.78,1194.0,40,INF082J01028,2021-10-28,2021-10-27T18:30:00.000Z,2021-10-28T12:00:37.338Z,2021-10-28T12:00:37.338Z,0,1870.35,28-Oct-2021
8,6139f7699241480008a1a9d3,QNIFTY,EQ,N,1805.0,1803.0,1803.0,1805.0,1805.0,1801.0,18,32488.0,1831.68,1120.0,7,INF082J01028,2021-09-09,2021-09-08T18:30:00.000Z,2021-09-09T12:00:41.073Z,2021-09-09T12:00:41.073Z,0,1804.89,09-Sep-2021
9,613f3d5d66f15f00083947c9,QNIFTY,EQ,N,1807.0,1801.0,1801.0,1805.0,1805.0,1805.0,28,50468.0,1831.68,1120.0,9,INF082J01028,2021-09-13,2021-09-12T18:30:00.000Z,2021-09-13T12:00:29.419Z,2021-09-13T12:00:29.419Z,0,1802.43,13-Sep-2021
10,61408f028b051b000954520d,QNIFTY,EQ,N,1813.0,1807.0,1807.0,1811.0,1811.0,1805.0,7,12671.0,1831.68,1120.0,5,INF082J01028,2021-09-14,2021-09-13T18:30:00.000Z,2021-09-14T12:01:06.356Z,2021-09-14T12:01:06.356Z,0,1810.14,14-Sep-2021
11,6141e06552f3510008866ef6,QNIFTY,EQ,N,1865.33,1765.6,1865.33,1824.0,1824.0,1811.0,22,39857.93,1865.33,1120.0,12,INF082J01028,2021-09-15,2021-09-14T18:30:00.000Z,2021-09-15T12:00:37.054Z,2021-09-15T12:00:37.054Z,0,1811.72,15-Sep-2021
12,614331dd4189570008859bae,QNIFTY,EQ,N,1910.0,1829.0,1910.0,1837.0,1837.0,1824.0,22,40382.0,1910.0,1120.0,9,INF082J01028,2021-09-16,2021-09-15T18:30:00.000Z,2021-09-16T12:00:29.517Z,2021-09-16T12:00:29.517Z,0,1835.55,16-Sep-2021
13,614483807f66a40008755530,QNIFTY,EQ,N,1852.0,1838.0,1846.0,1842.0,1842.0,1837.0,47,86642.0,1910.0,1120.0,7,INF082J01028,2021-09-17,2021-09-16T18:30:00.000Z,2021-09-17T12:01:04.234Z,2021-09-17T12:01:04.234Z,0,1843.45,17-Sep-2021
14,614877e4e0fcf60008e51507,QNIFTY,EQ,N,1834.0,1800.0,1800.0,1815.0,1815.0,1842.0,101,184474.3,1910.0,1120.0,24,INF082J01028,2021-09-20,2021-09-19T18:30:00.000Z,2021-09-20T12:00:36.963Z,2021-09-20T12:00:36.963Z,0,1826.48,20-Sep-2021
15,6149c980bf6def0009839ecd,QNIFTY,EQ,N,1831.0,1807.0,1819.0,1831.0,1831.0,1815.0,129,234274.9,1910.0,1120.0,18,INF082J01028,2021-09-21,2021-09-20T18:30:00.000Z,2021-09-21T12:01:04.227Z,2021-09-21T12:01:04.227Z,0,1816.08,21-Sep-2021
16,614b1b01f6172a0008df46fe,QNIFTY,EQ,N,1838.0,1830.0,1838.0,1830.0,1830.0,1831.0,20,36635.0,1910.0,1120.0,6,INF082J01028,2021-09-22,2021-09-21T18:30:00.000Z,2021-09-22T12:01:05.270Z,2021-09-22T12:01:05.270Z,0,1831.75,22-Sep-2021
17,614c6c66a3bb370008f105a9,QNIFTY,EQ,N,1848.0,1842.0,1842.0,1848.0,1848.0,1830.0,16,29528.0,1910.0,1120.0,7,INF082J01028,2021-09-23,2021-09-22T18:30:00.000Z,2021-09-23T12:00:38.312Z,2021-09-23T12:00:38.312Z,0,1845.5,23-Sep-2021
18,614dbde485b9910009314a1a,QNIFTY,EQ,N,1868.0,1846.0,1846.0,1860.0,1860.0,1848.0,20,37276.0,1910.0,1120.0,8,INF082J01028,2021-09-24,2021-09-23T18:30:00.000Z,2021-09-24T12:00:36.524Z,2021-09-24T12:00:36.524Z,0,1863.8,24-Sep-2021
19,6151b281c3f15b0008afe8c5,QNIFTY,EQ,N,1910.0,1860.0,1910.0,1860.0,1860.0,1860.0,17,31756.0,1910.0,1146.0,6,INF082J01028,2021-09-27,2021-09-26T18:30:00.000Z,2021-09-27T12:01:05.500Z,2021-09-27T12:01:05.500Z,0,1868.0,27-Sep-2021
20,615304074a501f0008b25b9c,QNIFTY,EQ,N,1858.0,1838.0,1858.0,1846.5,1846.5,1860.0,26,48069.26,1910.0,1146.0,15,INF082J01028,2021-09-28,2021-09-27T18:30:00.000Z,2021-09-28T12:01:11.839Z,2021-09-28T12:01:11.839Z,0,1848.82,28-Sep-2021
21,615455824a501f0008e4d0e8,QNIFTY,EQ,N,1846.0,1838.0,1838.95,1843.62,1842.0,1846.5,42,77410.95,1910.0,1146.0,8,INF082J01028,2021-09-29,2021-09-28T18:30:00.000Z,2021-09-29T12:01:06.719Z,2021-09-29T12:01:06.719Z,0,1843.12,29-Sep-2021
22,6155a700595682000817665a,QNIFTY,EQ,N,1852.0,1838.0,1848.0,1839.97,1838.0,1843.62,698,1284988.82,1910.0,1146.0,37,INF082J01028,2021-09-30,2021-09-29T18:30:00.000Z,2021-09-30T12:01:04.702Z,2021-09-30T12:01:04.702Z,0,1840.96,30-Sep-2021
23,6156f85d00c38500086c2fc0,QNIFTY,EQ,N,1830.99,1823.15,1830.2,1823.15,1823.15,1839.97,233,425876.34,1910.0,1146.0,29,INF082J01028,2021-10-01,2021-09-30T18:30:00.000Z,2021-10-01T12:00:29.667Z,2021-10-01T12:00:29.667Z,0,1827.8,01-Oct-2021
24,615aed0000c38500088dfc4a,QNIFTY,EQ,N,1852.0,1846.0,1846.0,1846.0,1846.0,1823.15,32,59172.0,1910.0,1184.0,6,INF082J01028,2021-10-04,2021-10-03T18:30:00.000Z,2021-10-04T12:01:04.467Z,2021-10-04T12:01:04.467Z,0,1849.13,04-Oct-2021
25,615c3e681728530008f0b284,QNIFTY,EQ,N,1852.0,1834.24,1834.24,1852.0,1852.0,1846.0,45,83036.24,1910.0,1184.0,8,INF082J01028,2021-10-05,2021-10-04T18:30:00.000Z,2021-10-05T12:00:40.671Z,2021-10-05T12:00:40.671Z,0,1845.25,05-Oct-2021
26,615d8fe37c2c3b00089ffff7,QNIFTY,EQ,N,1863.0,1841.0,1863.0,1847.0,1847.0,1852.0,47,86814.05,1910.0,1184.0,13,INF082J01028,2021-10-06,2021-10-05T18:30:00.000Z,2021-10-06T12:00:35.059Z,2021-10-06T12:00:35.059Z,0,1847.11,06-Oct-2021
27,615ee162c7aa98000897813e,QNIFTY,EQ,N,1860.0,1854.64,1858.0,1854.64,1854.64,1847.0,27,50140.66,1910.0,1184.0,7,INF082J01028,2021-10-07,2021-10-06T18:30:00.000Z,2021-10-07T12:00:34.817Z,2021-10-07T12:00:34.817Z,0,1857.06,07-Oct-2021
28,6160330131c1ce0008cb06cf,QNIFTY,EQ,N,1872.0,1860.0,1860.0,1866.0,1866.0,1854.64,47,87742.0,1910.0,1184.0,8,INF082J01028,2021-10-08,2021-10-07T18:30:00.000Z,2021-10-08T12:01:05.186Z,2021-10-08T12:01:05.186Z,0,1866.85,08-Oct-2021
29,61644a8f1ffdf40008ba421d,QNIFTY,EQ,N,1876.0,1872.0,1872.0,1874.0,1874.0,1866.0,30,56228.0,1910.0,1194.0,7,INF082J01028,2021-10-11,2021-10-10T18:30:00.000Z,2021-10-11T14:30:39.039Z,2021-10-11T14:30:39.039Z,0,1874.27,11-Oct-2021
30,6165790160745c00089377b7,QNIFTY,EQ,N,1876.0,1864.1,1876.0,1871.0,1870.0,1874.0,19,35587.3,1910.0,1194.0,10,INF082J01028,2021-10-12,2021-10-11T18:30:00.000Z,2021-10-12T12:01:05.622Z,2021-10-12T12:01:05.622Z,0,1873.02,12-Oct-2021
31,6166ca6773e7b000082591a9,QNIFTY,EQ,N,1896.0,1880.2,1880.2,1896.0,1896.0,1871.0,18,34046.2,1910.0,1194.0,10,INF082J01028,2021-10-13,2021-10-12T18:30:00.000Z,2021-10-13T12:00:39.959Z,2021-10-13T12:00:39.959Z,0,1891.46,13-Oct-2021
32,61681c0003a7b2000873e1b3,QNIFTY,EQ,N,1910.0,1901.0,1904.0,1910.0,1910.0,1896.0,48,91416.0,1910.0,1194.0,11,INF082J01028,2021-10-14,2021-10-13T18:30:00.000Z,2021-10-14T12:01:04.464Z,2021-10-14T12:01:04.464Z,0,1904.5,14-Oct-2021
33,616d61e481039a0008f7673d,QNIFTY,EQ,N,1930.0,1916.0,1916.0,1928.65,1930.0,1910.0,102,196524.2,1930.0,1194.0,20,INF082J01028,2021-10-18,2021-10-17T18:30:00.000Z,2021-10-18T12:00:36.713Z,2021-10-18T12:00:36.713Z,0,1926.71,18-Oct-2021
34,616eb37f2137b10008e7310e,QNIFTY,EQ,N,1936.0,1873.6,1873.6,1921.15,1920.0,1928.65,26,49994.3,1936.0,1194.0,9,INF082J01028,2021-10-19,2021-10-18T18:30:00.000Z,2021-10-19T12:01:04.006Z,2021-10-19T12:01:04.006Z,0,1922.86,19-Oct-2021
35,6107de804c6c270008f21aa5,QNIFTY,EQ,N,1651.0,1643.0,1645.0,1649.0,1649.0,1645.0,68,112016.4,1677.87,1120.0,20,INF082J01028,2021-08-02,2021-08-01T18:30:00.000Z,2021-08-02T12:01:04.716Z,2021-08-02T12:01:04.716Z,0,1647.3,02-Aug-2021
36,61092fe4ddfad700096fdbb5,QNIFTY,EQ,N,1678.0,1656.0,1656.0,1677.33,1678.0,1649.0,34,56832.0,1678.0,1120.0,16,INF082J01028,2021-08-03,2021-08-02T18:30:00.000Z,2021-08-03T12:00:36.051Z,2021-08-03T12:00:36.051Z,0,1671.53,03-Aug-2021
37,610a815eddfad700099990c2,QNIFTY,EQ,N,1692.0,1688.0,1690.0,1689.33,1688.0,1677.33,41,69268.4,1692.0,1120.0,11,INF082J01028,2021-08-04,2021-08-03T18:30:00.000Z,2021-08-04T12:00:30.682Z,2021-08-04T12:00:30.682Z,0,1689.47,04-Aug-2021
38,610bd302c5cd9d000859250b,QNIFTY,EQ,N,1697.0,1691.0,1691.0,1697.0,1697.0,1689.33,16,27073.0,1697.0,1120.0,6,INF082J01028,2021-08-05,2021-08-04T18:30:00.000Z,2021-08-05T12:01:06.080Z,2021-08-05T12:01:06.080Z,0,1692.06,05-Aug-2021
39,610d24631ad12f0009efab47,QNIFTY,EQ,N,1720.0,1653.6,1653.6,1691.8,1691.8,1697.0,22,37333.2,1720.0,1120.0,8,INF082J01028,2021-08-06,2021-08-05T18:30:00.000Z,2021-08-06T12:00:35.940Z,2021-08-06T12:00:35.940Z,0,1696.96,06-Aug-2021
40,611118e34df23100084eab67,QNIFTY,EQ,N,1700.0,1688.0,1696.0,1694.88,1700.0,1691.8,73,123648.95,1720.0,1120.0,15,INF082J01028,2021-08-09,2021-08-08T18:30:00.000Z,2021-08-09T12:00:35.277Z,2021-08-09T12:00:35.277Z,0,1693.82,09-Aug-2021
41,61126a65cce4c400085931c4,QNIFTY,EQ,N,1702.0,1696.0,1696.0,1696.0,1696.0,1694.88,14,23776.0,1720.0,1120.0,7,INF082J01028,2021-08-10,2021-08-09T18:30:00.000Z,2021-08-10T12:00:37.048Z,2021-08-10T12:00:37.048Z,0,1698.29,10-Aug-2021
42,6113bbdd3759be000811234f,QNIFTY,EQ,N,1694.0,1688.0,1694.0,1688.0,1688.0,1696.0,40,67635.95,1720.0,1120.0,13,INF082J01028,2021-08-11,2021-08-10T18:30:00.000Z,2021-08-11T12:00:29.458Z,2021-08-11T12:00:29.458Z,0,1690.9,11-Aug-2021
43,61150d63ea5aa20008b5ef33,QNIFTY,EQ,N,1702.0,1696.0,1696.0,1702.0,1702.0,1688.0,30,50994.0,1720.0,1120.0,8,INF082J01028,2021-08-12,2021-08-11T18:30:00.000Z,2021-08-12T12:00:35.604Z,2021-08-12T12:00:35.604Z,0,1699.8,12-Aug-2021
44,61165ee55fd7730008dabf27,QNIFTY,EQ,N,1720.0,1706.0,1706.0,1720.0,1720.0,1702.0,19,32492.0,1720.0,1120.0,6,INF082J01028,2021-08-13,2021-08-12T18:30:00.000Z,2021-08-13T12:00:37.575Z,2021-08-13T12:00:37.575Z,0,1710.11,13-Aug-2021
45,611a5363cce4c4000835c226,QNIFTY,EQ,N,1726.0,1718.0,1720.0,1722.0,1722.0,1720.0,39,67126.0,1726.0,1120.0,11,INF082J01028,2021-08-16,2021-08-15T18:30:00.000Z,2021-08-16T12:00:35.142Z,2021-08-16T12:00:35.142Z,0,1721.18,16-Aug-2021
46,611ba502cce4c4000862aca5,QNIFTY,EQ,N,1728.0,1720.0,1722.0,1727.0,1728.0,1722.0,119,204925.85,1728.0,1120.0,10,INF082J01028,2021-08-17,2021-08-16T18:30:00.000Z,2021-08-17T12:01:06.426Z,2021-08-17T12:01:06.426Z,0,1722.07,17-Aug-2021
47,611cf665913015000809b9d1,QNIFTY,EQ,N,1738.0,1728.0,1734.15,1728.0,1728.0,1727.0,27,46820.5,1738.0,1120.0,15,INF082J01028,2021-08-18,2021-08-17T18:30:00.000Z,2021-08-18T12:00:37.182Z,2021-08-18T12:00:37.182Z,0,1734.09,18-Aug-2021
48,611f9963d448d000082ac069,QNIFTY,EQ,N,1718.2,1708.15,1718.2,1708.15,1708.15,1728.0,11,18856.75,1738.0,1120.0,7,INF082J01028,2021-08-20,2021-08-19T18:30:00.000Z,2021-08-20T12:00:35.530Z,2021-08-20T12:00:35.530Z,0,1714.25,20-Aug-2021
49,61238de38095fa0008ef2655,QNIFTY,EQ,N,1720.0,1674.0,1674.0,1716.0,1716.0,1708.15,16,27438.2,1738.0,1120.0,6,INF082J01028,2021-08-23,2021-08-22T18:30:00.000Z,2021-08-23T12:00:35.293Z,2021-08-23T12:00:35.293Z,0,1714.89,23-Aug-2021
50,6124df80a939250008519ab2,QNIFTY,EQ,N,1730.0,1724.0,1724.0,1730.0,1730.0,1716.0,7,12100.0,1738.0,1120.0,4,INF082J01028,2021-08-24,2021-08-23T18:30:00.000Z,2021-08-24T12:01:05.013Z,2021-08-24T12:01:05.013Z,0,1728.57,24-Aug-2021
51,612630dd2596f30008058a51,QNIFTY,EQ,N,1736.0,1732.0,1732.0,1734.0,1734.0,1730.0,4,6938.0,1738.0,1120.0,4,INF082J01028,2021-08-25,2021-08-24T18:30:00.000Z,2021-08-25T12:00:29.247Z,2021-08-25T12:00:29.247Z,0,1734.5,25-Aug-2021
52,612782672596f30008059385,QNIFTY,EQ,N,1734.0,1730.0,1734.0,1732.0,1732.0,1734.0,13,22534.0,1738.0,1120.0,5,INF082J01028,2021-08-26,2021-08-25T18:30:00.000Z,2021-08-26T12:00:39.940Z,2021-08-26T12:00:39.940Z,0,1733.38,26-Aug-2021
53,6128d40091221d0009d5ad3f,QNIFTY,EQ,N,1739.0,1731.0,1731.0,1739.0,1739.0,1732.0,17,29510.0,1739.0,1120.0,7,INF082J01028,2021-08-27,2021-08-26T18:30:00.000Z,2021-08-27T12:01:04.420Z,2021-08-27T12:01:04.420Z,0,1735.88,27-Aug-2021
54,612cc866f99d720008a94e74,QNIFTY,EQ,N,1790.0,1746.0,1790.0,1758.0,1758.0,1739.0,69,121107.2,1790.0,1120.0,12,INF082J01028,2021-08-30,2021-08-29T18:30:00.000Z,2021-08-30T12:00:38.813Z,2021-08-30T12:00:38.813Z,0,1755.18,30-Aug-2021
55,612e19dfeb0c1300081388f4,QNIFTY,EQ,N,1781.0,1713.6,1713.6,1779.33,1781.0,1758.0,34,59896.0,1790.0,1120.0,15,INF082J01028,2021-08-31,2021-08-30T18:30:00.000Z,2021-08-31T12:00:31.326Z,2021-08-31T12:00:31.326Z,0,1761.65,31-Aug-2021
56,612f6b64fca57e0008dc546c,QNIFTY,EQ,N,1791.0,1778.95,1790.0,1778.95,1778.95,1779.33,12,21458.9,1791.0,1120.0,4,INF082J01028,2021-09-01,2021-08-31T18:30:00.000Z,2021-09-01T12:00:36.173Z,2021-09-01T12:00:36.173Z,0,1788.24,01-Sep-2021
57,6130bcdfadef12000850477e,QNIFTY,EQ,N,1791.0,1781.0,1781.0,1791.0,1791.0,1778.95,18,32156.0,1791.0,1120.0,6,INF082J01028,2021-09-02,2021-09-01T18:30:00.000Z,2021-09-02T12:00:31.326Z,2021-09-02T12:00:31.326Z,0,1786.44,02-Sep-2021
58,61320e804f4d7600089d90a0,QNIFTY,EQ,N,1802.0,1794.0,1800.0,1802.0,1802.0,1791.0,48,86332.0,1802.0,1120.0,10,INF082J01028,2021-09-03,2021-09-02T18:30:00.000Z,2021-09-03T12:01:04.870Z,2021-09-03T12:01:04.870Z,0,1798.58,03-Sep-2021
59,613602e466f15f00089e9381,QNIFTY,EQ,N,1812.0,1808.0,1808.0,1808.0,1808.0,1802.0,32,57924.0,1812.0,1120.0,9,INF082J01028,2021-09-06,2021-09-05T18:30:00.000Z,2021-09-06T12:00:36.725Z,2021-09-06T12:00:36.725Z,0,1810.13,06-Sep-2021
60,61375480eb333d0008c0f0b4,QNIFTY,EQ,N,1831.68,1802.0,1831.68,1808.0,1808.0,1808.0,100,180719.68,1831.68,1120.0,18,INF082J01028,2021-09-07,2021-09-06T18:30:00.000Z,2021-09-07T12:01:04.178Z,2021-09-07T12:01:04.178Z,0,1807.2,07-Sep-2021
61,6138a5dd5a558200095d3752,QNIFTY,EQ,N,1809.0,1798.95,1807.0,1801.0,1801.0,1808.0,7,12613.15,1831.68,1120.0,7,INF082J01028,2021-09-08,2021-09-07T18:30:00.000Z,2021-09-08T12:00:29.651Z,2021-09-08T12:00:29.651Z,0,1801.88,08-Sep-2021
62,6139f7699241480008a1a9d3,QNIFTY,EQ,N,1805.0,1803.0,1803.0,1805.0,1805.0,1801.0,18,32488.0,1831.68,1120.0,7,INF082J01028,2021-09-09,2021-09-08T18:30:00.000Z,2021-09-09T12:00:41.073Z,2021-09-09T12:00:41.073Z,0,1804.89,09-Sep-2021
63,60d07f82b6df770008f3085f,QNIFTY,EQ,N,1629.0,1599.0,1610.0,1629.0,1629.0,1626.9,13,20971.45,1677.87,855.0,13,INF082J01028,2021-06-21,2021-06-20T18:30:00.000Z,2021-06-21T12:01:06.464Z,2021-06-21T12:01:06.464Z,0,1613.19,21-Jun-2021
64,60d1d0e49d5cc50008707564,QNIFTY,EQ,N,1647.0,1637.0,1646.0,1638.1,1637.0,1629.0,7,11508.2,1677.87,855.0,7,INF082J01028,2021-06-22,2021-06-21T18:30:00.000Z,2021-06-22T12:00:36.709Z,2021-06-22T12:00:36.709Z,0,1644.03,22-Jun-2021
65,60d3228009721b000810163d,QNIFTY,EQ,N,1637.0,1629.9,1635.0,1629.95,1629.9,1638.1,7,11438.9,1677.87,855.0,6,INF082J01028,2021-06-23,2021-06-22T18:30:00.000Z,2021-06-23T12:01:04.474Z,2021-06-23T12:01:04.474Z,0,1634.13,23-Jun-2021
66,60d473e5b6726400082d898d,QNIFTY,EQ,N,1635.0,1635.0,1635.0,1635.0,1635.0,1629.95,1,1635.0,1677.87,855.0,1,INF082J01028,2021-06-24,2021-06-23T18:30:00.000Z,2021-06-24T12:00:37.107Z,2021-06-24T12:00:37.107Z,0,1635.0,24-Jun-2021
67,60d5c562761eef0008b83790,QNIFTY,EQ,N,1655.0,1641.0,1641.0,1655.0,1655.0,1635.0,112,184601.0,1677.87,855.0,11,INF082J01028,2021-06-25,2021-06-24T18:30:00.000Z,2021-06-25T12:00:34.669Z,2021-06-25T12:00:34.669Z,0,1648.22,25-Jun-2021
68,60d9b9df758776000816a9e9,QNIFTY,EQ,N,1655.0,1640.0,1655.0,1641.97,1642.0,1655.0,17,27987.45,1677.87,1054.0,16,INF082J01028,2021-06-28,2021-06-27T18:30:00.000Z,2021-06-28T12:00:31.455Z,2021-06-28T12:00:31.455Z,0,1646.32,28-Jun-2021
69,60db0b629d5cc5000861366a,QNIFTY,EQ,N,1638.95,1634.0,1638.95,1634.0,1634.0,1641.97,6,9818.95,1677.87,1054.0,4,INF082J01028,2021-06-29,2021-06-28T18:30:00.000Z,2021-06-29T12:00:34.302Z,2021-06-29T12:00:34.302Z,0,1636.49,29-Jun-2021
70,60dc5cdd7f32fd0009386fb3,QNIFTY,EQ,N,1642.0,1634.0,1634.0,1634.1,1634.0,1634.0,5,8184.2,1677.87,1054.0,5,INF082J01028,2021-06-30,2021-06-29T18:30:00.000Z,2021-06-30T12:00:29.862Z,2021-06-30T12:00:29.862Z,0,1636.84,30-Jun-2021
71,60ddae6315ea3f0008fe555c,QNIFTY,EQ,N,1631.75,1631.0,1631.75,1631.0,1631.0,1634.1,10,16312.25,1677.87,1054.0,3,INF082J01028,2021-07-01,2021-06-30T18:30:00.000Z,2021-07-01T12:00:35.282Z,2021-07-01T12:00:35.282Z,0,1631.23,01-Jul-2021
72,60deffe4f20fbd0009ce646c,QNIFTY,EQ,N,1629.0,1627.0,1627.0,1629.0,1629.0,1631.0,13,21153.0,1677.87,1054.0,6,INF082J01028,2021-07-02,2021-07-01T18:30:00.000Z,2021-07-02T12:00:36.677Z,2021-07-02T12:00:36.677Z,0,1627.15,02-Jul-2021
73,60e2f462d502fe0008ce9cab,QNIFTY,EQ,N,1643.0,1639.0,1639.0,1641.0,1641.0,1629.0,30,49243.22,1677.87,1090.0,7,INF082J01028,2021-07-05,2021-07-04T18:30:00.000Z,2021-07-05T12:00:34.987Z,2021-07-05T12:00:34.987Z,0,1641.44,05-Jul-2021
74,60e445e5d77ada00087bd2e7,QNIFTY,EQ,N,1649.0,1645.0,1646.0,1645.0,1645.0,1641.0,3,4940.0,1677.87,1090.0,3,INF082J01028,2021-07-06,2021-07-05T18:30:00.000Z,2021-07-06T12:00:37.121Z,2021-07-06T12:00:37.121Z,0,1646.67,06-Jul-2021
75,60e5976425a08e00087c0dd4,QNIFTY,EQ,N,1648.0,1644.0,1644.0,1647.0,1648.0,1645.0,7,11514.0,1677.87,1090.0,4,INF082J01028,2021-07-07,2021-07-06T18:30:00.000Z,2021-07-07T12:00:36.502Z,2021-07-07T12:00:36.502Z,0,1644.86,07-Jul-2021
76,60e6e8e26972b0000896f318,QNIFTY,EQ,N,1648.0,1632.0,1646.0,1633.0,1634.0,1647.0,90,147482.15,1677.87,1090.0,16,INF082J01028,2021-07-08,2021-07-07T18:30:00.000Z,2021-07-08T12:00:34.976Z,2021-07-08T12:00:34.976Z,0,1638.69,08-Jul-2021
77,60e83a87b37c0d0008397ccd,QNIFTY,EQ,N,1631.0,1615.0,1627.2,1627.0,1627.0,1633.0,36,58568.0,1677.87,1090.0,15,INF082J01028,2021-07-09,2021-07-08T18:30:00.000Z,2021-07-09T12:01:11.521Z,2021-07-09T12:01:11.521Z,0,1626.89,09-Jul-2021
78,60ec2edc4341d2000842210f,QNIFTY,EQ,N,1639.0,1637.0,1637.0,1637.0,1637.0,1627.0,37,60593.06,1677.87,1090.0,10,INF082J01028,2021-07-12,2021-07-11T18:30:00.000Z,2021-07-12T12:00:28.847Z,2021-07-12T12:00:28.847Z,0,1637.65,12-Jul-2021
79,60ed80631c0e4d0008511da3,QNIFTY,EQ,N,1645.0,1637.0,1639.0,1645.0,1645.0,1637.0,29,47581.0,1677.87,1090.0,7,INF082J01028,2021-07-13,2021-07-12T18:30:00.000Z,2021-07-13T12:00:36.045Z,2021-07-13T12:00:36.045Z,0,1640.72,13-Jul-2021
80,60eed2003872ec0008fc06d5,QNIFTY,EQ,N,1649.0,1643.0,1643.0,1649.0,1649.0,1645.0,9,14796.0,1677.87,1090.0,4,INF082J01028,2021-07-14,2021-07-13T18:30:00.000Z,2021-07-14T12:01:04.693Z,2021-07-14T12:01:04.693Z,0,1644.0,14-Jul-2021
81,60f02384cc96fb000856ecaf,QNIFTY,EQ,N,1663.0,1649.0,1649.0,1659.0,1659.0,1649.0,43,71311.66,1677.87,1090.0,13,INF082J01028,2021-07-15,2021-07-14T18:30:00.000Z,2021-07-15T12:01:08.521Z,2021-07-15T12:01:08.521Z,0,1658.41,15-Jul-2021
82,60f17502cc96fb00089bf449,QNIFTY,EQ,N,1662.0,1656.0,1656.0,1656.0,1656.0,1659.0,35,58027.0,1677.87,1090.0,9,INF082J01028,2021-07-16,2021-07-15T18:30:00.000Z,2021-07-16T12:01:06.027Z,2021-07-16T12:01:06.027Z,0,1657.91,16-Jul-2021
83,60f5695ee089b0000849dc83,QNIFTY,EQ,N,1656.0,1642.0,1656.0,1646.0,1646.0,1656.0,15,24658.2,1677.87,1106.0,9,INF082J01028,2021-07-19,2021-07-18T18:30:00.000Z,2021-07-19T12:00:30.805Z,2021-07-19T12:00:30.805Z,0,1643.88,19-Jul-2021
84,60f6bae3874e330008166faa,QNIFTY,EQ,N,1638.8,1622.0,1638.8,1628.0,1628.0,1646.0,31,50492.85,1677.87,1106.0,21,INF082J01028,2021-07-20,2021-07-19T18:30:00.000Z,2021-07-20T12:00:35.156Z,2021-07-20T12:00:35.156Z,0,1628.8,20-Jul-2021
85,60f95e00caa6960009721155,QNIFTY,EQ,N,1645.0,1620.2,1620.2,1645.0,1645.0,1628.0,7,11446.4,1677.87,1106.0,4,INF082J01028,2021-07-22,2021-07-21T18:30:00.000Z,2021-07-22T12:01:04.524Z,2021-07-22T12:01:04.524Z,0,1635.2,22-Jul-2021
86,60faaf82874e3300088b0e3c,QNIFTY,EQ,N,1650.0,1646.0,1650.0,1650.0,1650.0,1645.0,18,29653.7,1677.87,1106.0,11,INF082J01028,2021-07-23,2021-07-22T18:30:00.000Z,2021-07-23T12:01:06.067Z,2021-07-23T12:01:06.067Z,0,1647.43,23-Jul-2021
87,60fea3e35e75500008861ef0,QNIFTY,EQ,N,1652.0,1646.0,1650.0,1650.0,1650.0,1650.0,15,24748.0,1677.87,1106.0,6,INF082J01028,2021-07-26,2021-07-25T18:30:00.000Z,2021-07-26T12:00:35.604Z,2021-07-26T12:00:35.604Z,0,1649.87,26-Jul-2021
88,60fff5803b69e400088b8e23,QNIFTY,EQ,N,1640.2,1635.0,1640.2,1635.0,1635.0,1650.0,8,13105.15,1677.87,1106.0,8,INF082J01028,2021-07-27,2021-07-26T18:30:00.000Z,2021-07-27T12:01:04.619Z,2021-07-27T12:01:04.619Z,0,1638.14,27-Jul-2021
89,61014700a8ea98000873d044,QNIFTY,EQ,N,1631.0,1619.0,1630.0,1631.0,1631.0,1635.0,1524,2472022.29,1677.87,1106.0,42,INF082J01028,2021-07-28,2021-07-27T18:30:00.000Z,2021-07-28T12:01:04.521Z,2021-07-28T12:01:04.521Z,0,1622.06,28-Jul-2021
90,6103ea02ebb5b00008cf585b,QNIFTY,EQ,N,1645.0,1643.0,1643.0,1645.0,1645.0,1631.0,15,24655.0,1677.87,1106.0,2,INF082J01028,2021-07-30,2021-07-29T18:30:00.000Z,2021-07-30T12:01:06.023Z,2021-07-30T12:01:06.023Z,0,1643.67,30-Jul-2021
91,609bc380c132690009f0025e,QNIFTY,EQ,N,1533.0,1531.0,1531.0,1533.0,1533.0,1538.9,9,13789.0,1595.0,837.14,3,INF082J01028,2021-05-12,2021-05-11T18:30:00.000Z,2021-05-12T12:01:04.356Z,2021-05-12T12:01:04.356Z,0,1532.11,12-May-2021
92,609e6680885aee00088f4a0c,QNIFTY,EQ,N,1528.95,1516.0,1528.95,1521.99,1522.0,1533.0,1784,2713285.9,1595.0,837.14,28,INF082J01028,2021-05-14,2021-05-13T18:30:00.000Z,2021-05-14T12:01:04.733Z,2021-05-14T12:01:04.733Z,0,1520.9,14-May-2021
93,60a25aff4e61470008bbf0ee,QNIFTY,EQ,N,1542.0,1542.0,1542.0,1542.0,1542.0,1521.99,1,1542.0,1595.0,855.0,1,INF082J01028,2021-05-17,2021-05-16T18:30:00.000Z,2021-05-17T12:01:03.952Z,2021-05-17T12:01:03.952Z,0,1542.0,17-May-2021
94,60a3ac7fbcb675000886110b,QNIFTY,EQ,N,1567.0,1546.0,1546.0,1567.0,1567.0,1542.0,538,842895.2,1595.0,855.0,14,INF082J01028,2021-05-18,2021-05-17T18:30:00.000Z,2021-05-18T12:01:03.629Z,2021-05-18T12:01:03.629Z,0,1566.72,18-May-2021
95,60a4fe021247b900089e3ba5,QNIFTY,EQ,N,1569.0,1523.6,1558.95,1559.0,1559.0,1567.0,39,60438.0,1595.0,855.0,18,INF082J01028,2021-05-19,2021-05-18T18:30:00.000Z,2021-05-19T12:01:06.610Z,2021-05-19T12:01:06.610Z,0,1549.69,19-May-2021
96,60a64f809a1015000919d471,QNIFTY,EQ,N,1556.0,1544.0,1556.0,1546.02,1546.0,1559.0,14,21712.15,1595.0,855.0,9,INF082J01028,2021-05-20,2021-05-19T18:30:00.000Z,2021-05-20T12:01:04.785Z,2021-05-20T12:01:04.785Z,0,1550.87,20-May-2021
97,60a7a0e1c7277a00086e3a7b,QNIFTY,EQ,N,1560.0,1560.0,1560.0,1560.0,1560.0,1546.02,1,1560.0,1595.0,855.0,1,INF082J01028,2021-05-21,2021-05-20T18:30:00.000Z,2021-05-21T12:00:33.855Z,2021-05-21T12:00:33.855Z,0,1560.0,21-May-2021
98,60ab958003728a0009a35c2c,QNIFTY,EQ,N,1577.25,1572.0,1576.0,1576.97,1574.0,1560.0,682,1075432.66,1595.0,855.0,24,INF082J01028,2021-05-24,2021-05-23T18:30:00.000Z,2021-05-24T12:01:04.657Z,2021-05-24T12:01:04.657Z,0,1576.88,24-May-2021
99,60ace6ff3e1c550008766c95,QNIFTY,EQ,N,1584.0,1529.67,1529.67,1574.0,1574.0,1576.97,9,14167.07,1595.0,855.0,8,INF082J01028,2021-05-25,2021-05-24T18:30:00.000Z,2021-05-25T12:01:03.779Z,2021-05-25T12:01:03.779Z,0,1574.12,25-May-2021
100,60ae3884e53e1c0008d9159c,QNIFTY,EQ,N,1585.0,1579.0,1579.0,1585.0,1585.0,1574.0,5,7911.2,1595.0,855.0,5,INF082J01028,2021-05-26,2021-05-25T18:30:00.000Z,2021-05-26T12:01:08.202Z,2021-05-26T12:01:08.202Z,0,1582.24,26-May-2021
101,60af89e623db9e0008efd3f9,QNIFTY,EQ,N,1600.0,1587.0,1600.0,1587.0,1587.0,1585.0,3,4776.0,1600.0,855.0,3,INF082J01028,2021-05-27,2021-05-26T18:30:00.000Z,2021-05-27T12:00:38.351Z,2021-05-27T12:00:38.351Z,0,1592.0,27-May-2021
102,60b0db85ecad4f0008644912,QNIFTY,EQ,N,1601.0,1594.0,1597.0,1601.0,1601.0,1587.0,77,122874.2,1601.0,855.0,17,INF082J01028,2021-05-28,2021-05-27T18:30:00.000Z,2021-05-28T12:01:09.809Z,2021-05-28T12:01:09.809Z,0,1595.77,28-May-2021
103,60b4d00099942d0008df0adb,QNIFTY,EQ,N,1617.0,1597.0,1597.0,1617.0,1617.0,1601.0,121,194877.48,1617.0,855.0,36,INF082J01028,2021-05-31,2021-05-30T18:30:00.000Z,2021-05-31T12:01:04.803Z,2021-05-31T12:01:04.803Z,0,1610.56,31-May-2021
104,60b621801746750008d2b51d,QNIFTY,EQ,N,1619.0,1611.0,1619.0,1613.0,1613.0,1617.0,15,24223.0,1619.0,855.0,4,INF082J01028,2021-06-01,2021-05-31T18:30:00.000Z,2021-06-01T12:01:04.762Z,2021-06-01T12:01:04.762Z,0,1614.87,01-Jun-2021
105,60b772e5174675000806e2fe,QNIFTY,EQ,N,1661.39,1565.6,1661.39,1608.0,1608.0,1613.0,13,20896.57,1661.39,855.0,10,INF082J01028,2021-06-02,2021-06-01T18:30:00.000Z,2021-06-02T12:00:37.562Z,2021-06-02T12:00:37.562Z,0,1607.43,02-Jun-2021
106,60b8c480f1e4290008f83c89,QNIFTY,EQ,N,1622.0,1622.0,1622.0,1622.0,1622.0,1608.0,22,35684.0,1661.39,855.0,3,INF082J01028,2021-06-03,2021-06-02T18:30:00.000Z,2021-06-03T12:01:04.297Z,2021-06-03T12:01:04.297Z,0,1622.0,03-Jun-2021
107,60ba15e4fd6cfd0008ece70a,QNIFTY,EQ,N,1628.0,1624.0,1626.0,1624.0,1624.0,1622.0,29,47148.0,1661.39,855.0,8,INF082J01028,2021-06-04,2021-06-03T18:30:00.000Z,2021-06-04T12:00:36.121Z,2021-06-04T12:00:36.121Z,0,1625.79,04-Jun-2021
108,60be0a66e54865000822a5c1,QNIFTY,EQ,N,1672.72,1600.0,1650.0,1633.0,1633.0,1624.0,31,50652.16,1672.72,855.0,23,INF082J01028,2021-06-07,2021-06-06T18:30:00.000Z,2021-06-07T12:00:38.210Z,2021-06-07T12:00:38.210Z,0,1633.94,07-Jun-2021
109,60bf5be4d2265400080d827b,QNIFTY,EQ,N,1632.0,1628.0,1628.0,1632.0,1632.0,1633.0,15,24436.8,1672.72,855.0,3,INF082J01028,2021-06-08,2021-06-07T18:30:00.000Z,2021-06-08T12:00:36.455Z,2021-06-08T12:00:36.455Z,0,1629.12,08-Jun-2021
110,60c0ad661318bc0008009d87,QNIFTY,EQ,N,1636.0,1618.95,1636.0,1619.5,1620.0,1632.0,15,24355.15,1672.72,855.0,12,INF082J01028,2021-06-09,2021-06-08T18:30:00.000Z,2021-06-09T12:00:38.552Z,2021-06-09T12:00:38.552Z,0,1623.68,09-Jun-2021
111,60c1ff0181433a00081e9f84,QNIFTY,EQ,N,1668.08,1623.0,1668.08,1629.0,1629.0,1619.5,37,60546.2,1672.72,855.0,18,INF082J01028,2021-06-10,2021-06-09T18:30:00.000Z,2021-06-10T12:01:05.184Z,2021-06-10T12:01:05.184Z,0,1636.38,10-Jun-2021
112,60c3505d99ad6d0008bea15d,QNIFTY,EQ,N,1677.87,1631.0,1677.87,1637.0,1637.0,1629.0,101,165190.9,1677.87,855.0,30,INF082J01028,2021-06-11,2021-06-10T18:30:00.000Z,2021-06-11T12:00:29.671Z,2021-06-11T12:00:29.671Z,0,1635.55,11-Jun-2021
113,60c744ebfa74920009970ee9,QNIFTY,EQ,N,1639.0,1623.0,1630.0,1638.0,1637.0,1637.0,20,32561.4,1677.87,855.0,11,INF082J01028,2021-06-14,2021-06-13T18:30:00.000Z,2021-06-14T12:00:43.287Z,2021-06-14T12:00:43.287Z,0,1628.07,14-Jun-2021
114,60c896849655b00008f2ef08,QNIFTY,EQ,N,1650.0,1640.0,1650.0,1645.0,1645.0,1638.0,16,26306.0,1677.87,855.0,9,INF082J01028,2021-06-15,2021-06-14T18:30:00.000Z,2021-06-15T12:01:08.727Z,2021-06-15T12:01:08.727Z,0,1644.13,15-Jun-2021
115,60c9e8029af7c30008702a3e,QNIFTY,EQ,N,1645.0,1638.0,1645.0,1643.0,1643.0,1645.0,123,201953.73,1677.87,855.0,19,INF082J01028,2021-06-16,2021-06-15T18:30:00.000Z,2021-06-16T12:01:06.743Z,2021-06-16T12:01:06.743Z,0,1641.9,16-Jun-2021
116,60cb39819af7c30008a1e17c,QNIFTY,EQ,N,1641.0,1631.0,1638.95,1641.0,1641.0,1643.0,46,75238.15,1677.87,855.0,11,INF082J01028,2021-06-17,2021-06-16T18:30:00.000Z,2021-06-17T12:01:05.222Z,2021-06-17T12:01:05.222Z,0,1635.61,17-Jun-2021
117,60cc8ae4d4ffb6000952d8db,QNIFTY,EQ,N,1638.95,1611.0,1638.95,1626.9,1630.8,1641.0,43,69792.45,1677.87,855.0,25,INF082J01028,2021-06-18,2021-06-17T18:30:00.000Z,2021-06-18T12:00:36.235Z,2021-06-18T12:00:36.235Z,0,1623.08,18-Jun-2021
118,60d07f82b6df770008f3085f,QNIFTY,EQ,N,1629.0,1599.0,1610.0,1629.0,1629.0,1626.9,13,20971.45,1677.87,855.0,13,INF082J01028,2021-06-21,2021-06-20T18:30:00.000Z,2021-06-21T12:01:06.464Z,2021-06-21T12:01:06.464Z,0,1613.19,21-Jun-2021
119,606afbe350e7c50009ea5a0b,QNIFTY,EQ,N,1521.0,1506.0,1521.0,1518.0,1518.0,1534.0,182,275392.4,1595.0,832.5,43,INF082J01028,2021-04-05,2021-04-04T18:30:00.000Z,2021-04-05T12:00:35.131Z,2021-04-05T12:00:35.131Z,0,1513.15,05-Apr-2021
120,606c4d80e414300008c05a67,QNIFTY,EQ,N,1510.0,1510.0,1510.0,1510.0,1510.0,1518.0,1,1510.0,1595.0,832.5,1,INF082J01028,2021-04-06,2021-04-05T18:30:00.000Z,2021-04-06T12:01:04.221Z,2021-04-06T12:01:04.221Z,0,1510.0,06-Apr-2021
121,606d9ee6a5b3e50008f95473,QNIFTY,EQ,N,1536.0,1521.0,1521.0,1533.0,1533.0,1510.0,29,44432.5,1595.0,832.5,8,INF082J01028,2021-04-07,2021-04-06T18:30:00.000Z,2021-04-07T12:00:38.649Z,2021-04-07T12:00:38.649Z,0,1532.16,07-Apr-2021
122,606ef080ee0ef7000821bf2a,QNIFTY,EQ,N,1547.0,1536.0,1536.0,1539.5,1539.0,1533.0,11,16970.0,1595.0,832.5,6,INF082J01028,2021-04-08,2021-04-07T18:30:00.000Z,2021-04-08T12:01:04.579Z,2021-04-08T12:01:04.579Z,0,1542.73,08-Apr-2021
123,60743680905dbc0008158977,QNIFTY,EQ,N,1540.0,1484.0,1540.0,1484.0,1484.0,1539.5,705,1060227.0,1595.0,837.14,57,INF082J01028,2021-04-12,2021-04-11T18:30:00.000Z,2021-04-12T12:01:04.412Z,2021-04-12T12:01:04.412Z,0,1503.87,12-Apr-2021
124,60782ae5b4027f000990b900,QNIFTY,EQ,N,1507.0,1497.0,1507.0,1497.0,1497.0,1484.0,9,13507.0,1595.0,837.14,3,INF082J01028,2021-04-15,2021-04-14T18:30:00.000Z,2021-04-15T12:00:37.136Z,2021-04-15T12:00:37.136Z,0,1500.78,15-Apr-2021
125,60797c8006a23a00086a13f0,QNIFTY,EQ,N,1519.0,1509.0,1509.0,1519.0,1519.0,1497.0,13,19733.0,1595.0,837.14,4,INF082J01028,2021-04-16,2021-04-15T18:30:00.000Z,2021-04-16T12:01:04.263Z,2021-04-16T12:01:04.263Z,0,1517.92,16-Apr-2021
126,607d70e432a7350008fd3e05,QNIFTY,EQ,N,1564.57,1475.0,1564.57,1487.85,1489.0,1519.0,145,215409.5,1595.0,837.14,42,INF082J01028,2021-04-19,2021-04-18T18:30:00.000Z,2021-04-19T12:00:36.689Z,2021-04-19T12:00:36.689Z,0,1485.58,19-Apr-2021
127,607ec28028c94600080bc9fb,QNIFTY,EQ,N,1497.0,1480.0,1497.0,1480.5,1481.0,1487.85,4,5946.95,1595.0,837.14,4,INF082J01028,2021-04-20,2021-04-19T18:30:00.000Z,2021-04-20T12:01:04.379Z,2021-04-20T12:01:04.379Z,0,1486.74,20-Apr-2021
128,608165803641bb0008a8fea1,QNIFTY,EQ,N,1472.0,1472.0,1472.0,1472.0,1472.0,1480.5,8,11776.0,1595.0,837.14,2,INF082J01028,2021-04-22,2021-04-21T18:30:00.000Z,2021-04-22T12:01:04.237Z,2021-04-22T12:01:04.237Z,0,1472.0,22-Apr-2021
129,6082b6e46140660008b5b30f,QNIFTY,EQ,N,1497.0,1483.0,1497.0,1483.0,1483.0,1472.0,4,5958.0,1595.0,837.14,3,INF082J01028,2021-04-23,2021-04-22T18:30:00.000Z,2021-04-23T12:00:36.166Z,2021-04-23T12:00:36.166Z,0,1489.5,23-Apr-2021
130,6088066380572900081c8f83,QNIFTY,EQ,N,1530.0,1480.0,1480.0,1503.0,1503.0,1483.0,11,16539.0,1595.0,837.14,5,INF082J01028,2021-04-26,2021-04-25T18:30:00.000Z,2021-04-27T12:41:07.162Z,2021-04-27T12:41:07.162Z,0,1503.55,26-Apr-2021
131,60894e6406a23a000857963f,QNIFTY,EQ,N,1538.0,1516.0,1516.0,1538.0,1538.0,1503.0,8,12266.0,1595.0,837.14,6,INF082J01028,2021-04-28,2021-04-27T18:30:00.000Z,2021-04-28T12:00:36.993Z,2021-04-28T12:00:36.993Z,0,1533.25,28-Apr-2021
132,608aa007fc34330008f83e81,QNIFTY,EQ,N,1556.0,1526.0,1526.0,1542.0,1542.0,1538.0,72,111318.49,1595.0,837.14,33,INF082J01028,2021-04-29,2021-04-28T18:30:00.000Z,2021-04-29T12:01:11.509Z,2021-04-29T12:01:11.509Z,0,1546.09,29-Apr-2021
133,608bf18446f86b00096b171f,QNIFTY,EQ,N,1534.0,1525.0,1526.0,1525.27,1525.0,1542.0,108,164849.74,1595.0,837.14,32,INF082J01028,2021-04-30,2021-04-29T18:30:00.000Z,2021-04-30T12:01:08.212Z,2021-04-30T12:01:08.212Z,0,1526.39,30-Apr-2021
134,608fe601c881750008aa010d,QNIFTY,EQ,N,1570.05,1508.0,1525.27,1519.0,1519.0,1525.27,215,327939.54,1595.0,837.14,24,INF082J01028,2021-05-03,2021-05-02T18:30:00.000Z,2021-05-03T12:01:05.286Z,2021-05-03T12:01:05.286Z,0,1525.3,03-May-2021
135,6091378045df9f0008e940d4,QNIFTY,EQ,N,1524.0,1504.0,1524.0,1509.83,1506.0,1519.0,86,129871.73,1595.0,837.14,60,INF082J01028,2021-05-04,2021-05-03T18:30:00.000Z,2021-05-04T12:01:04.815Z,2021-05-04T12:01:04.815Z,0,1510.14,04-May-2021
136,609288e7c13269000942c433,QNIFTY,EQ,N,1512.0,1512.0,1512.0,1512.0,1512.0,1509.83,3,4536.0,1595.0,837.14,1,INF082J01028,2021-05-05,2021-05-04T18:30:00.000Z,2021-05-05T12:00:39.441Z,2021-05-05T12:00:39.441Z,0,1512.0,05-May-2021
137,6093da80a51b5b0008e14140,QNIFTY,EQ,N,1528.0,1512.0,1516.0,1527.0,1528.0,1512.0,63,95470.0,1595.0,837.14,8,INF082J01028,2021-05-06,2021-05-05T18:30:00.000Z,2021-05-06T12:01:04.096Z,2021-05-06T12:01:04.096Z,0,1515.4,06-May-2021
138,60952be258429e0008542512,QNIFTY,EQ,N,1540.0,1534.0,1536.0,1534.0,1534.0,1527.0,18,27684.0,1595.0,837.14,7,INF082J01028,2021-05-07,2021-05-06T18:30:00.000Z,2021-05-07T12:00:34.761Z,2021-05-07T12:00:34.761Z,0,1538.0,07-May-2021
139,6099206928330700080fff7f,QNIFTY,EQ,N,1552.21,1546.0,1546.0,1549.66,1549.0,1534.0,30,46487.42,1595.0,837.14,14,INF082J01028,2021-05-10,2021-05-09T18:30:00.000Z,2021-05-10T12:00:41.210Z,2021-05-10T12:00:41.210Z,0,1549.58,10-May-2021
140,609a720045df9f0008b76d97,QNIFTY,EQ,N,1540.0,1536.0,1538.95,1538.9,1540.0,1549.66,17,26155.95,1595.0,837.14,8,INF082J01028,2021-05-11,2021-05-10T18:30:00.000Z,2021-05-11T12:01:04.440Z,2021-05-11T12:01:04.440Z,0,1538.59,11-May-2021
141,609bc380c132690009f0025e,QNIFTY,EQ,N,1533.0,1531.0,1531.0,1533.0,1533.0,1538.9,9,13789.0,1595.0,837.14,3,INF082J01028,2021-05-12,2021-05-11T18:30:00.000Z,2021-05-12T12:01:04.356Z,2021-05-12T12:01:04.356Z,0,1532.11,12-May-2021
142,60339ce31fa56800082f683d,QNIFTY,EQ,N,1558.95,1525.1,1558.95,1525.1,1525.1,1551.0,127,195516.03,1595.0,771.31,95,INF082J01028,2021-02-22,2021-02-21T18:30:00.000Z,2021-02-22T12:00:35.545Z,2021-02-22T12:00:35.545Z,0,1539.5,22-Feb-2021
143,6034ee5ff2cc160009225738,QNIFTY,EQ,N,1526.7,1526.7,1526.7,1526.7,1526.7,1525.1,10,15267.0,1595.0,771.31,4,INF082J01028,2021-02-23,2021-02-22T18:30:00.000Z,2021-02-23T12:00:31.283Z,2021-02-23T12:00:31.283Z,0,1526.7,23-Feb-2021
144,60365c98c65ab700086bb61f,QNIFTY,EQ,N,1534.0,1531.0,1531.0,1533.7,1533.7,1526.7,46,70551.7,1595.0,771.31,20,INF082J01028,2021-02-24,2021-02-23T18:30:00.000Z,2021-02-24T14:03:04.304Z,2021-02-24T14:03:04.304Z,0,1533.73,24-Feb-2021
145,60379181d3429100084f4632,QNIFTY,EQ,N,1567.0,1561.0,1563.2,1567.0,1567.0,1533.7,10,15640.7,1595.0,771.31,8,INF082J01028,2021-02-25,2021-02-24T18:30:00.000Z,2021-02-25T12:01:05.157Z,2021-02-25T12:01:05.157Z,0,1564.07,25-Feb-2021
146,6038e30048a71b000890c129,QNIFTY,EQ,N,1575.9,1511.0,1563.0,1519.11,1513.0,1567.0,174,268961.39,1595.0,771.31,36,INF082J01028,2021-02-26,2021-02-25T18:30:00.000Z,2021-02-26T12:01:04.607Z,2021-02-26T12:01:04.607Z,0,1545.76,26-Feb-2021
147,603cd783d342910008d7e6eb,QNIFTY,EQ,N,1580.0,1518.95,1550.0,1524.0,1524.0,1519.11,21,32219.95,1595.0,771.31,11,INF082J01028,2021-03-01,2021-02-28T18:30:00.000Z,2021-03-01T12:01:07.888Z,2021-03-01T12:01:07.888Z,0,1534.28,01-Mar-2021
148,603e2900e88009000870f861,QNIFTY,EQ,N,1540.0,1532.0,1540.0,1532.0,1532.0,1524.0,2,3072.0,1595.0,771.31,2,INF082J01028,2021-03-02,2021-03-01T18:30:00.000Z,2021-03-02T12:01:04.153Z,2021-03-02T12:01:04.153Z,0,1536.0,02-Mar-2021
149,603f7a5d60e1740008d8119a,QNIFTY,EQ,N,1570.0,1546.0,1546.0,1570.0,1570.0,1532.0,60,93610.0,1595.0,771.31,15,INF082J01028,2021-03-03,2021-03-02T18:30:00.000Z,2021-03-03T12:00:29.717Z,2021-03-03T12:00:29.717Z,0,1560.17,03-Mar-2021
150,6040cc00f782e80008e64042,QNIFTY,EQ,N,1558.95,1558.95,1558.95,1558.95,1558.95,1570.0,77,120039.15,1595.0,771.31,3,INF082J01028,2021-03-04,2021-03-03T18:30:00.000Z,2021-03-04T12:01:04.142Z,2021-03-04T12:01:04.142Z,0,1558.95,04-Mar-2021
151,60421d80f87f7d00085f2fb8,QNIFTY,EQ,N,1558.0,1542.0,1550.0,1542.0,1542.0,1558.95,23,35710.95,1595.0,771.31,7,INF082J01028,2021-03-05,2021-03-04T18:30:00.000Z,2021-03-05T12:01:04.793Z,2021-03-05T12:01:04.793Z,0,1552.65,05-Mar-2021
152,60461205f782e800082f94ac,QNIFTY,EQ,N,1572.84,1538.95,1572.84,1548.0,1547.0,1542.0,5,7762.79,1595.0,771.31,5,INF082J01028,2021-03-08,2021-03-07T18:30:00.000Z,2021-03-08T12:01:09.871Z,2021-03-08T12:01:09.871Z,0,1552.56,08-Mar-2021
153,604763641869d100087595b4,QNIFTY,EQ,N,1558.0,1548.95,1554.0,1558.0,1558.0,1548.0,16,24886.95,1595.0,771.31,5,INF082J01028,2021-03-09,2021-03-08T18:30:00.000Z,2021-03-09T12:00:36.702Z,2021-03-09T12:00:36.702Z,0,1555.43,09-Mar-2021
154,6048b4e2b02c4600080fd362,QNIFTY,EQ,N,1571.0,1566.0,1566.0,1567.0,1567.0,1558.0,6,9408.0,1595.0,771.31,6,INF082J01028,2021-03-10,2021-03-09T18:30:00.000Z,2021-03-10T12:00:34.771Z,2021-03-10T12:00:34.771Z,0,1568.0,10-Mar-2021
155,604b57dd72247e0008e055a2,QNIFTY,EQ,N,1583.0,1571.0,1581.0,1571.0,1571.0,1567.0,19,29915.0,1595.0,771.31,5,INF082J01028,2021-03-12,2021-03-11T18:30:00.000Z,2021-03-12T12:00:29.231Z,2021-03-12T12:00:29.231Z,0,1574.47,12-Mar-2021
156,604f4c80c00cd5000824fede,QNIFTY,EQ,N,1558.95,1531.0,1558.95,1542.25,1541.0,1571.0,70,107746.05,1595.0,771.31,26,INF082J01028,2021-03-15,2021-03-14T18:30:00.000Z,2021-03-15T12:01:04.819Z,2021-03-15T12:01:04.819Z,0,1539.23,15-Mar-2021
157,60509de26ad8c200086526ee,QNIFTY,EQ,N,1556.0,1539.0,1556.0,1546.61,1547.0,1542.25,3985,6168204.95,1595.0,771.31,71,INF082J01028,2021-03-16,2021-03-15T18:30:00.000Z,2021-03-16T12:00:34.733Z,2021-03-16T12:00:34.733Z,0,1547.86,16-Mar-2021
158,6051ef67e9990500087f3a5f,QNIFTY,EQ,N,1543.0,1530.0,1543.0,1530.35,1530.0,1546.61,21,32177.15,1595.0,771.31,6,INF082J01028,2021-03-17,2021-03-16T18:30:00.000Z,2021-03-17T12:00:39.586Z,2021-03-17T12:00:39.586Z,0,1532.25,17-Mar-2021
159,605340e317e26700093f0fe6,QNIFTY,EQ,N,1530.0,1509.0,1530.0,1509.0,1509.0,1530.35,16,24459.0,1595.0,771.31,2,INF082J01028,2021-03-18,2021-03-17T18:30:00.000Z,2021-03-18T12:00:35.877Z,2021-03-18T12:00:35.877Z,0,1528.69,18-Mar-2021
160,605492826bba56000820a445,QNIFTY,EQ,N,1521.0,1495.0,1500.0,1521.0,1521.0,1509.0,9,13506.1,1595.0,771.31,9,INF082J01028,2021-03-19,2021-03-18T18:30:00.000Z,2021-03-19T12:01:06.577Z,2021-03-19T12:01:06.577Z,0,1500.68,19-Mar-2021
161,60588701022baa00098a7fb5,QNIFTY,EQ,N,1521.0,1518.95,1521.0,1521.0,1521.0,1521.0,15,22810.95,1595.0,808.0,6,INF082J01028,2021-03-22,2021-03-21T18:30:00.000Z,2021-03-22T12:01:05.075Z,2021-03-22T12:01:05.075Z,0,1520.73,22-Mar-2021
162,6059d8646bba560008957866,QNIFTY,EQ,N,1537.0,1533.0,1536.0,1537.0,1537.0,1521.0,15,23012.0,1595.0,808.0,7,INF082J01028,2021-03-23,2021-03-22T18:30:00.000Z,2021-03-23T12:00:36.768Z,2021-03-23T12:00:36.768Z,0,1534.13,23-Mar-2021
163,605b2a0096d7ff000815d7ac,QNIFTY,EQ,N,1527.0,1509.0,1527.0,1509.0,1509.0,1537.0,10,15172.15,1595.0,808.0,8,INF082J01028,2021-03-24,2021-03-23T18:30:00.000Z,2021-03-24T12:01:04.815Z,2021-03-24T12:01:04.815Z,0,1517.22,24-Mar-2021
164,605c7b631eb5f20008a4387b,QNIFTY,EQ,N,1508.95,1485.0,1508.95,1486.17,1486.9,1509.0,36,53599.75,1595.0,808.0,17,INF082J01028,2021-03-25,2021-03-24T18:30:00.000Z,2021-03-25T12:00:35.937Z,2021-03-25T12:00:35.937Z,0,1488.88,25-Mar-2021
165,605dcce5ba1816000875fbf9,QNIFTY,EQ,N,1503.0,1501.0,1501.0,1503.0,1503.0,1486.17,2,3004.0,1595.0,808.0,2,INF082J01028,2021-03-26,2021-03-25T18:30:00.000Z,2021-03-26T12:00:37.181Z,2021-03-26T12:00:37.181Z,0,1502.0,26-Mar-2021
166,60631d8ff5299b0008fe3616,QNIFTY,EQ,N,1548.09,1517.0,1548.09,1527.0,1527.0,1503.0,16,24409.09,1595.0,808.0,12,INF082J01028,2021-03-30,2021-03-29T18:30:00.000Z,2021-03-30T12:46:07.884Z,2021-03-30T12:46:07.884Z,0,1525.57,30-Mar-2021
167,6064645d03368200081c21ee,QNIFTY,EQ,N,1531.0,1519.0,1529.0,1519.0,1519.0,1527.0,36,54862.0,1595.0,808.0,6,INF082J01028,2021-03-31,2021-03-30T18:30:00.000Z,2021-03-31T12:00:30.007Z,2021-03-31T12:00:30.007Z,0,1523.94,31-Mar-2021
168,6065b5e413110000089f91c4,QNIFTY,EQ,N,1570.0,1527.0,1531.0,1534.0,1533.0,1519.0,34,52281.83,1595.0,808.0,13,INF082J01028,2021-04-01,2021-03-31T18:30:00.000Z,2021-04-01T12:00:36.876Z,2021-04-01T12:00:36.876Z,0,1537.7,01-Apr-2021
169,5ffd8f805a01880008025154,QNIFTY,EQ,N,1504.7,1496.1,1496.1,1504.7,1504.7,1495.7,24,35971.4,1530.0,771.31,10,INF082J01028,2021-01-12,2021-01-11T18:30:00.000Z,2021-01-12T12:01:04.711Z,2021-01-12T12:01:04.711Z,0,1498.81,12-Jan-2021
170,5ffee0dec4dee300088ddaba,QNIFTY,EQ,N,1513.7,1509.3,1513.1,1509.3,1509.3,1504.7,7,10588.5,1530.0,771.31,3,INF082J01028,2021-01-13,2021-01-12T18:30:00.000Z,2021-01-13T12:00:30.184Z,2021-01-13T12:00:30.184Z,0,1512.64,13-Jan-2021
171,600032806e104f0008e69373,QNIFTY,EQ,N,1500.0,1498.0,1500.0,1500.0,1500.0,1509.3,10,14991.5,1530.0,771.31,6,INF082J01028,2021-01-14,2021-01-13T18:30:00.000Z,2021-01-14T12:01:04.769Z,2021-01-14T12:01:04.769Z,0,1499.15,14-Jan-2021
172,600184005a0188000810787f,QNIFTY,EQ,N,1560.0,1491.0,1560.0,1492.0,1491.0,1500.0,24,35960.0,1560.0,771.31,5,INF082J01028,2021-01-15,2021-01-14T18:30:00.000Z,2021-01-15T12:01:04.160Z,2021-01-15T12:01:04.160Z,0,1498.33,15-Jan-2021
173,600578802e3c9a000810f0f6,QNIFTY,EQ,N,1492.0,1470.0,1492.0,1483.95,1483.95,1492.0,197,290711.2,1560.0,771.31,15,INF082J01028,2021-01-18,2021-01-17T18:30:00.000Z,2021-01-18T12:01:04.957Z,2021-01-18T12:01:04.957Z,0,1475.69,18-Jan-2021
174,6006c9e5f10a0d00083c541c,QNIFTY,EQ,N,1500.0,1498.0,1500.0,1499.0,1498.0,1483.95,2,2998.0,1560.0,771.31,2,INF082J01028,2021-01-19,2021-01-18T18:30:00.000Z,2021-01-19T12:00:37.256Z,2021-01-19T12:00:37.256Z,0,1499.0,19-Jan-2021
175,60081b7f2c04b60008834fa6,QNIFTY,EQ,N,1514.0,1504.0,1506.0,1513.0,1512.0,1499.0,56,84410.0,1560.0,771.31,11,INF082J01028,2021-01-20,2021-01-19T18:30:00.000Z,2021-01-20T12:01:04.002Z,2021-01-20T12:01:04.002Z,0,1507.32,20-Jan-2021
176,60096cde741e2900081a1b20,QNIFTY,EQ,N,1521.0,1521.0,1521.0,1521.0,1521.0,1513.0,3,4563.0,1560.0,771.31,3,INF082J01028,2021-01-21,2021-01-20T18:30:00.000Z,2021-01-21T12:00:30.236Z,2021-01-21T12:00:30.236Z,0,1521.0,21-Jan-2021
177,600abe658a4b290008ee1fd9,QNIFTY,EQ,N,1508.95,1492.0,1508.95,1492.0,1492.0,1521.0,45,67167.9,1560.0,771.31,8,INF082J01028,2021-01-22,2021-01-21T18:30:00.000Z,2021-01-22T12:00:37.051Z,2021-01-22T12:00:37.051Z,0,1492.62,22-Jan-2021
178,600eb300c1e18e0008a4574d,QNIFTY,EQ,N,1536.76,1478.0,1536.76,1478.0,1478.0,1492.0,18,26788.76,1560.0,771.31,7,INF082J01028,2021-01-25,2021-01-24T18:30:00.000Z,2021-01-25T12:01:04.178Z,2021-01-25T12:01:04.178Z,0,1488.26,25-Jan-2021
179,60115601c050380008a1d99b,QNIFTY,EQ,N,1478.95,1442.0,1478.95,1442.0,1442.0,1478.0,13,18910.85,1560.0,771.31,11,INF082J01028,2021-01-27,2021-01-26T18:30:00.000Z,2021-01-27T12:01:05.393Z,2021-01-27T12:01:05.393Z,0,1454.68,27-Jan-2021
180,6012a764d24e050008e734fe,QNIFTY,EQ,N,1438.95,1423.0,1438.95,1425.0,1425.0,1442.0,204,291349.9,1560.0,771.31,21,INF082J01028,2021-01-28,2021-01-27T18:30:00.000Z,2021-01-28T12:00:36.952Z,2021-01-28T12:00:36.952Z,0,1428.19,28-Jan-2021
181,6013f90424068600082d2c27,QNIFTY,EQ,N,1437.0,1431.0,1437.0,1431.0,1431.0,1425.0,2,2868.0,1560.0,771.31,2,INF082J01028,2021-01-29,2021-01-28T18:30:00.000Z,2021-01-29T12:01:08.220Z,2021-01-29T12:01:08.220Z,0,1434.0,29-Jan-2021
182,6017ed63ceda9200080bd12e,QNIFTY,EQ,N,1466.0,1388.07,1388.07,1466.0,1466.0,1431.0,102,147798.07,1560.0,771.31,19,INF082J01028,2021-02-01,2021-01-31T18:30:00.000Z,2021-02-01T12:00:35.813Z,2021-02-01T12:00:35.813Z,0,1449.0,01-Feb-2021
183,60193eff52a67400088a8025,QNIFTY,EQ,N,1516.0,1486.0,1486.0,1511.85,1511.0,1466.0,96,144775.8,1560.0,771.31,27,INF082J01028,2021-02-02,2021-02-01T18:30:00.000Z,2021-02-02T12:01:03.944Z,2021-02-02T12:01:03.944Z,0,1508.08,02-Feb-2021
184,601a9064f98b220009a86be5,QNIFTY,EQ,N,1532.0,1518.0,1518.0,1532.0,1532.0,1511.85,22,33528.0,1560.0,771.31,12,INF082J01028,2021-02-03,2021-02-02T18:30:00.000Z,2021-02-03T12:00:36.865Z,2021-02-03T12:00:36.865Z,0,1524.0,03-Feb-2021
185,601be200f98b220009bd63d7,QNIFTY,EQ,N,1537.0,1529.0,1533.0,1537.0,1537.0,1532.0,11,16850.0,1560.0,771.31,4,INF082J01028,2021-02-04,2021-02-03T18:30:00.000Z,2021-02-04T12:01:04.380Z,2021-02-04T12:01:04.380Z,0,1531.82,04-Feb-2021
186,601d33621977d90008c02df0,QNIFTY,EQ,N,1548.0,1542.0,1548.0,1542.0,1542.0,1537.0,25,38682.0,1560.0,771.31,9,INF082J01028,2021-02-05,2021-02-04T18:30:00.000Z,2021-02-05T12:00:34.738Z,2021-02-05T12:00:34.738Z,0,1547.28,05-Feb-2021
187,602127e45959750008a8e288,QNIFTY,EQ,N,1564.0,1542.0,1544.97,1564.0,1564.0,1542.0,221,344298.97,1564.0,771.31,11,INF082J01028,2021-02-08,2021-02-07T18:30:00.000Z,2021-02-08T12:00:36.167Z,2021-02-08T12:00:36.167Z,0,1557.91,08-Feb-2021
188,6022798085e3100008e2d180,QNIFTY,EQ,N,1575.0,1570.0,1575.0,1574.0,1574.0,1564.0,15,23572.0,1575.0,771.31,6,INF082J01028,2021-02-09,2021-02-08T18:30:00.000Z,2021-02-09T12:01:04.593Z,2021-02-09T12:01:04.593Z,0,1571.47,09-Feb-2021
189,6023cb006d78280008e447c1,QNIFTY,EQ,N,1563.95,1552.0,1560.0,1558.0,1558.0,1574.0,39,60649.95,1575.0,771.31,17,INF082J01028,2021-02-10,2021-02-09T18:30:00.000Z,2021-02-10T12:01:04.440Z,2021-02-10T12:01:04.440Z,0,1555.13,10-Feb-2021
190,60251c658160710008fa5b3c,QNIFTY,EQ,N,1565.0,1563.0,1565.0,1565.0,1565.0,1558.0,28,43770.0,1575.0,771.31,5,INF082J01028,2021-02-11,2021-02-10T18:30:00.000Z,2021-02-11T12:00:37.067Z,2021-02-11T12:00:37.067Z,0,1563.21,11-Feb-2021
191,60266de3e854190008018cb7,QNIFTY,EQ,N,1571.0,1565.0,1571.0,1566.0,1567.0,1565.0,3,4703.0,1575.0,771.31,3,INF082J01028,2021-02-12,2021-02-11T18:30:00.000Z,2021-02-12T12:00:35.295Z,2021-02-12T12:00:35.295Z,0,1567.67,12-Feb-2021
192,602a6264e85419000827eb72,QNIFTY,EQ,N,1581.7,1575.0,1575.0,1581.7,1581.7,1566.0,33,52054.0,1581.7,771.31,8,INF082J01028,2021-02-15,2021-02-14T18:30:00.000Z,2021-02-15T12:00:36.333Z,2021-02-15T12:00:36.333Z,0,1577.39,15-Feb-2021
193,602bb3de05368f0008dd774b,QNIFTY,EQ,N,1595.0,1551.2,1578.95,1582.0,1582.0,1581.7,34,53949.05,1595.0,771.31,13,INF082J01028,2021-02-16,2021-02-15T18:30:00.000Z,2021-02-16T12:00:30.172Z,2021-02-16T12:00:30.172Z,0,1586.74,16-Feb-2021
194,602d0581e89593000836ace4,QNIFTY,EQ,N,1577.0,1577.0,1577.0,1577.0,1577.0,1582.0,3,4731.0,1595.0,771.31,1,INF082J01028,2021-02-17,2021-02-16T18:30:00.000Z,2021-02-17T12:01:05.057Z,2021-02-17T12:01:05.057Z,0,1577.0,17-Feb-2021
195,602e5700d8ba7c0008db1918,QNIFTY,EQ,N,1573.0,1567.0,1570.0,1567.0,1567.0,1577.0,19,29818.0,1595.0,771.31,6,INF082J01028,2021-02-18,2021-02-17T18:30:00.000Z,2021-02-18T12:01:04.548Z,2021-02-18T12:01:04.548Z,0,1569.37,18-Feb-2021
196,602fa85d68537800083187fe,QNIFTY,EQ,N,1561.0,1549.0,1560.0,1551.0,1551.0,1567.0,42,65287.95,1595.0,771.31,12,INF082J01028,2021-02-19,2021-02-18T18:30:00.000Z,2021-02-19T12:00:29.422Z,2021-02-19T12:00:29.422Z,0,1554.48,19-Feb-2021
197,5fc8d35efdaa170009fb6190,QNIFTY,EQ,N,1360.0,1350.0,1358.0,1360.0,1360.0,1347.0,90,121750.0,1406.0,771.31,14,INF082J01028,2020-12-03,2020-12-02T18:30:00.000Z,2020-12-03T12:00:30.073Z,2020-12-03T12:00:30.073Z,0,1352.78,03-Dec-2020
198,5fca24dd01e21f0008b13c07,QNIFTY,EQ,N,1369.0,1365.0,1367.0,1367.0,1367.0,1360.0,23,31439.0,1406.0,771.31,9,INF082J01028,2020-12-04,2020-12-03T18:30:00.000Z,2020-12-04T12:00:29.406Z,2020-12-04T12:00:29.406Z,0,1366.91,04-Dec-2020
199,5fce198022c8a50008e34fba,QNIFTY,EQ,N,1384.0,1358.0,1374.0,1378.0,1378.0,1367.0,201,275793.3,1406.0,771.31,29,INF082J01028,2020-12-07,2020-12-06T18:30:00.000Z,2020-12-07T12:01:04.775Z,2020-12-07T12:01:04.775Z,0,1372.11,07-Dec-2020
200,5fcf6b02ecc6400008d6eca4,QNIFTY,EQ,N,1386.0,1381.0,1386.0,1381.0,1381.0,1378.0,23,31833.0,1406.0,771.31,6,INF082J01028,2020-12-08,2020-12-07T18:30:00.000Z,2020-12-08T12:01:06.958Z,2020-12-08T12:01:06.958Z,0,1384.04,08-Dec-2020
201,5fd0bc64ecc6400008d7dd54,QNIFTY,EQ,N,1398.0,1396.0,1396.0,1398.0,1398.0,1381.0,2,2794.0,1406.0,771.31,2,INF082J01028,2020-12-09,2020-12-08T18:30:00.000Z,2020-12-09T12:00:36.506Z,2020-12-09T12:00:36.506Z,0,1397.0,09-Dec-2020
202,5fd20dddb459f900084332f3,QNIFTY,EQ,N,1392.0,1388.0,1392.0,1388.7,1388.7,1398.0,17,23639.4,1406.0,771.31,5,INF082J01028,2020-12-10,2020-12-09T18:30:00.000Z,2020-12-10T12:00:29.136Z,2020-12-10T12:00:29.136Z,0,1390.55,10-Dec-2020
203,5fd35f651714380008588141,QNIFTY,EQ,N,1401.0,1391.0,1399.0,1391.0,1391.0,1388.7,9,12589.0,1406.0,771.31,4,INF082J01028,2020-12-11,2020-12-10T18:30:00.000Z,2020-12-11T12:00:37.981Z,2020-12-11T12:00:37.981Z,0,1398.78,11-Dec-2020
204,5fd754013141bc0008ee72fb,QNIFTY,EQ,N,1403.0,1399.0,1403.0,1400.0,1400.0,1391.0,110,154018.0,1406.0,771.31,6,INF082J01028,2020-12-14,2020-12-13T18:30:00.000Z,2020-12-14T12:01:05.135Z,2020-12-14T12:01:05.135Z,0,1400.16,14-Dec-2020
205,5fd8a563b459f90008464ffa,QNIFTY,EQ,N,1398.0,1393.0,1396.0,1398.0,1398.0,1400.0,40,55805.0,1406.0,771.31,8,INF082J01028,2020-12-15,2020-12-14T18:30:00.000Z,2020-12-15T12:00:35.524Z,2020-12-15T12:00:35.524Z,0,1395.13,15-Dec-2020
206,5fd9f6e381abf7000814d24a,QNIFTY,EQ,N,1413.0,1406.0,1406.0,1413.0,1413.0,1398.0,7,9876.0,1413.0,771.31,6,INF082J01028,2020-12-16,2020-12-15T18:30:00.000Z,2020-12-16T12:00:35.192Z,2020-12-16T12:00:35.192Z,0,1410.86,16-Dec-2020
207,5fdb486417143800085c6cf8,QNIFTY,EQ,N,1419.0,1416.0,1416.0,1419.0,1419.0,1413.0,67,94875.0,1419.0,771.31,3,INF082J01028,2020-12-17,2020-12-16T18:30:00.000Z,2020-12-17T12:00:36.257Z,2020-12-17T12:00:36.257Z,0,1416.04,17-Dec-2020
208,5fdc9a0089ad5500081385f9,QNIFTY,EQ,N,1416.0,1416.0,1416.0,1416.0,1416.0,1419.0,140,198240.0,1419.0,771.31,2,INF082J01028,2020-12-18,2020-12-17T18:30:00.000Z,2020-12-18T12:01:04.869Z,2020-12-18T12:01:04.869Z,0,1416.0,18-Dec-2020
209,5fe08e63fdf1090008bcd63f,QNIFTY,EQ,N,1400.0,1400.0,1400.0,1400.0,1400.0,1416.0,200,280000.0,1419.0,771.31,2,INF082J01028,2020-12-21,2020-12-20T18:30:00.000Z,2020-12-21T12:00:35.563Z,2020-12-21T12:00:35.563Z,0,1400.0,21-Dec-2020
210,5fe1dfe4652c6e000814a689,QNIFTY,EQ,N,1398.7,1372.0,1398.7,1387.0,1387.0,1400.0,22,30360.1,1419.0,771.31,12,INF082J01028,2020-12-22,2020-12-21T18:30:00.000Z,2020-12-22T12:00:36.221Z,2020-12-22T12:00:36.221Z,0,1380.0,22-Dec-2020
211,5fe331670569620008dc3eec,QNIFTY,EQ,N,1401.0,1380.0,1380.0,1401.0,1401.0,1387.0,8,11160.23,1419.0,771.31,8,INF082J01028,2020-12-23,2020-12-22T18:30:00.000Z,2020-12-23T12:00:39.144Z,2020-12-23T12:00:39.144Z,0,1395.03,23-Dec-2020
212,5fe48300cca28d000877d244,QNIFTY,EQ,N,1423.0,1406.0,1406.0,1420.85,1423.0,1401.0,9,12768.0,1423.0,771.31,4,INF082J01028,2020-12-24,2020-12-23T18:30:00.000Z,2020-12-24T12:01:04.236Z,2020-12-24T12:01:04.236Z,0,1418.67,24-Dec-2020
213,5feb1a5d0569620008e04a8d,QNIFTY,EQ,N,1441.0,1436.0,1436.0,1441.0,1441.0,1420.85,4,5755.0,1441.0,771.31,4,INF082J01028,2020-12-29,2020-12-28T18:30:00.000Z,2020-12-29T12:00:29.611Z,2020-12-29T12:00:29.611Z,0,1438.75,29-Dec-2020
214,5fec6c0065de430008915305,QNIFTY,EQ,N,1441.0,1441.0,1441.0,1441.0,1441.0,1441.0,5,7205.0,1441.0,771.31,1,INF082J01028,2020-12-30,2020-12-29T18:30:00.000Z,2020-12-30T12:01:04.536Z,2020-12-30T12:01:04.536Z,0,1441.0,30-Dec-2020
215,5fef0ee565de430008933378,QNIFTY,EQ,N,1491.2,1449.0,1470.0,1449.0,1449.0,1441.0,18,26287.6,1491.2,771.31,9,INF082J01028,2021-01-01,2020-12-31T18:30:00.000Z,2021-01-01T12:00:37.399Z,2021-01-01T12:00:37.399Z,0,1460.42,01-Jan-2021
216,5ff3290028026800089322f0,QNIFTY,EQ,N,1470.0,1448.0,1456.0,1458.0,1458.0,1449.0,162,236431.3,1491.2,771.31,35,INF082J01028,2021-01-04,2021-01-03T18:30:00.000Z,2021-01-04T14:41:04.934Z,2021-01-04T14:41:04.934Z,0,1459.45,04-Jan-2021
217,5ff45fc8345f1a0008859841,QNIFTY,EQ,N,1466.92,1455.0,1466.0,1457.5,1457.5,1458.0,17,24776.92,1491.2,771.31,8,INF082J01028,2021-01-05,2021-01-04T18:30:00.000Z,2021-01-05T12:47:04.539Z,2021-01-05T12:47:04.539Z,0,1457.47,05-Jan-2021
218,5ff5a68265de43000895f9c2,QNIFTY,EQ,N,1469.0,1459.0,1466.0,1459.0,1459.0,1457.5,18,26354.0,1491.2,771.31,7,INF082J01028,2021-01-06,2021-01-05T18:30:00.000Z,2021-01-06T12:01:06.578Z,2021-01-06T12:01:06.578Z,0,1464.11,06-Jan-2021
219,5ff6f7e3345f1a0008876ad3,QNIFTY,EQ,N,1470.7,1466.0,1466.0,1467.4,1467.4,1459.0,29,42579.0,1491.2,771.31,12,INF082J01028,2021-01-07,2021-01-06T18:30:00.000Z,2021-01-07T12:00:35.757Z,2021-01-07T12:00:35.757Z,0,1468.24,07-Jan-2021
220,5ff8496365de43000897d517,QNIFTY,EQ,N,1479.8,1473.2,1474.3,1478.35,1477.6,1467.4,45,66449.2,1491.2,771.31,27,INF082J01028,2021-01-08,2021-01-07T18:30:00.000Z,2021-01-08T12:00:35.270Z,2021-01-08T12:00:35.270Z,0,1476.65,08-Jan-2021
221,5ffc3e017ddd690008b04fae,QNIFTY,EQ,N,1530.0,1492.1,1530.0,1495.7,1495.7,1478.35,15,22774.9,1530.0,771.31,5,INF082J01028,2021-01-11,2021-01-10T18:30:00.000Z,2021-01-11T12:01:05.140Z,2021-01-11T12:01:05.140Z,0,1518.33,11-Jan-2021
222,5ffd8f805a01880008025154,QNIFTY,EQ,N,1504.7,1496.1,1496.1,1504.7,1504.7,1495.7,24,35971.4,1530.0,771.31,10,INF082J01028,2021-01-12,2021-01-11T18:30:00.000Z,2021-01-12T12:01:04.711Z,2021-01-12T12:01:04.711Z,0,1498.81,12-Jan-2021
223,5f96ba656479130008a528ff,QNIFTY,EQ,N,1226.0,1208.0,1226.0,1208.0,1208.0,1222.0,14,16946.7,1406.0,771.31,8,INF082J01028,2020-10-26,2020-10-25T18:30:00.000Z,2020-10-26T12:00:37.282Z,2020-10-26T12:00:37.282Z,0,1210.48,26-Oct-2020
224,5f980c002a17b100088d5c0e,QNIFTY,EQ,N,1214.0,1214.0,1214.0,1214.0,1214.0,1208.0,1,1214.0,1406.0,771.31,1,INF082J01028,2020-10-27,2020-10-26T18:30:00.000Z,2020-10-27T12:01:04.485Z,2020-10-27T12:01:04.485Z,0,1214.0,27-Oct-2020
225,5f995d5f022fa70008f83863,QNIFTY,EQ,N,1208.7,1208.0,1208.7,1208.0,1208.0,1214.0,2,2416.7,1406.0,771.31,2,INF082J01028,2020-10-28,2020-10-27T18:30:00.000Z,2020-10-28T12:00:31.546Z,2020-10-28T12:00:31.546Z,0,1208.35,28-Oct-2020
226,5f9aaee4022fa70008f8413f,QNIFTY,EQ,N,1202.0,1198.0,1200.0,1202.0,1202.0,1208.0,16,19214.7,1406.0,771.31,7,INF082J01028,2020-10-29,2020-10-28T18:30:00.000Z,2020-10-29T12:00:36.479Z,2020-10-29T12:00:36.479Z,0,1200.92,29-Oct-2020
227,5f9c0063b6dbb5000825b2e2,QNIFTY,EQ,N,1198.7,1194.0,1198.7,1196.0,1196.0,1202.0,3,3588.7,1406.0,771.31,3,INF082J01028,2020-10-30,2020-10-29T18:30:00.000Z,2020-10-30T12:00:35.861Z,2020-10-30T12:00:35.861Z,0,1196.23,30-Oct-2020
228,5f9ff50059ba9100086bd2c6,QNIFTY,EQ,N,1196.0,1196.0,1196.0,1196.0,1196.0,1196.0,15,17940.0,1406.0,771.31,5,INF082J01028,2020-11-02,2020-11-01T18:30:00.000Z,2020-11-02T12:01:04.199Z,2020-11-02T12:01:04.199Z,0,1196.0,02-Nov-2020
229,5fa14665b6dbb5000825bca1,QNIFTY,EQ,N,1214.0,1212.0,1214.0,1212.0,1212.0,1196.0,2,2426.0,1406.0,771.31,2,INF082J01028,2020-11-03,2020-11-02T18:30:00.000Z,2020-11-03T12:00:37.545Z,2020-11-03T12:00:37.545Z,0,1213.0,03-Nov-2020
230,5fa297e6022fa70008f85547,QNIFTY,EQ,N,1225.6,1225.6,1225.6,1225.6,1225.6,1212.0,1,1225.6,1406.0,771.31,1,INF082J01028,2020-11-04,2020-11-03T18:30:00.000Z,2020-11-04T12:00:38.842Z,2020-11-04T12:00:38.842Z,0,1225.6,04-Nov-2020
231,5fa3e96574b6670008117ee9,QNIFTY,EQ,N,1244.0,1240.0,1240.0,1244.0,1244.0,1225.6,14,17384.0,1406.0,771.31,4,INF082J01028,2020-11-05,2020-11-04T18:30:00.000Z,2020-11-05T12:00:37.367Z,2020-11-05T12:00:37.367Z,0,1241.71,05-Nov-2020
232,5fa92f64022fa70008f86484,QNIFTY,EQ,N,1280.0,1246.0,1246.0,1280.0,1280.0,1244.0,18,22938.8,1406.0,771.31,14,INF082J01028,2020-11-09,2020-11-08T18:30:00.000Z,2020-11-09T12:00:36.811Z,2020-11-09T12:00:36.811Z,0,1274.38,09-Nov-2020
233,5faa80e2cef7130008915885,QNIFTY,EQ,N,1297.0,1291.0,1291.0,1297.0,1297.0,1280.0,3,3884.0,1406.0,771.31,3,INF082J01028,2020-11-10,2020-11-09T18:30:00.000Z,2020-11-10T12:00:34.688Z,2020-11-10T12:00:34.688Z,0,1294.67,10-Nov-2020
234,5fabd26674b6670008118962,QNIFTY,EQ,N,1309.0,1259.0,1306.0,1300.0,1300.0,1297.0,575,744127.5,1406.0,771.31,74,INF082J01028,2020-11-11,2020-11-10T18:30:00.000Z,2020-11-11T12:00:38.878Z,2020-11-11T12:00:38.878Z,0,1294.13,11-Nov-2020
235,5fad23e3d5e18c0008685c62,QNIFTY,EQ,N,1314.0,1302.0,1306.0,1302.0,1302.0,1300.0,59,77242.0,1406.0,771.31,11,INF082J01028,2020-11-12,2020-11-11T18:30:00.000Z,2020-11-12T12:00:35.483Z,2020-11-12T12:00:35.483Z,0,1309.19,12-Nov-2020
236,5fafeb92cef7130008916603,QNIFTY,EQ,N,1350.0,1317.0,1330.0,1317.5,1317.0,1302.0,50,66254.2,1406.0,771.31,20,INF082J01028,2020-11-14,2020-11-13T18:30:00.000Z,2020-11-14T14:37:06.072Z,2020-11-14T14:37:06.072Z,0,1325.08,14-Nov-2020
237,5fb3bb8006a1d00008ad09cd,QNIFTY,EQ,N,1323.0,1320.5,1321.0,1320.5,1320.5,1317.5,14,18509.5,1406.0,771.31,4,INF082J01028,2020-11-17,2020-11-16T18:30:00.000Z,2020-11-17T12:01:04.490Z,2020-11-17T12:01:04.490Z,0,1322.11,17-Nov-2020
238,5fb511b2df20a40008042926,QNIFTY,EQ,N,1324.0,1324.0,1324.0,1324.0,1324.0,1320.5,5,6620.0,1406.0,771.31,1,INF082J01028,2020-11-18,2020-11-17T18:30:00.000Z,2020-11-18T12:21:06.666Z,2020-11-18T12:21:06.666Z,0,1324.0,18-Nov-2020
239,5fb65e62c21f05000895cf97,QNIFTY,EQ,N,1331.0,1329.0,1329.0,1329.0,1329.0,1324.0,12,15950.0,1406.0,771.31,3,INF082J01028,2020-11-19,2020-11-18T18:30:00.000Z,2020-11-19T12:00:34.956Z,2020-11-19T12:00:34.956Z,0,1329.17,19-Nov-2020
240,5fbba4645e5259000893116b,QNIFTY,EQ,N,1329.0,1324.0,1329.0,1326.0,1326.0,1329.0,98,129808.0,1406.0,771.31,6,INF082J01028,2020-11-23,2020-11-22T18:30:00.000Z,2020-11-23T12:00:36.174Z,2020-11-23T12:00:36.174Z,0,1324.57,23-Nov-2020
241,5fbcf6006a74050008b28ad7,QNIFTY,EQ,N,1341.0,1336.0,1336.0,1341.0,1341.0,1326.0,2,2677.0,1406.0,771.31,2,INF082J01028,2020-11-24,2020-11-23T18:30:00.000Z,2020-11-24T12:01:04.185Z,2020-11-24T12:01:04.185Z,0,1338.5,24-Nov-2020
242,5fbe476687ed3b0008004ecb,QNIFTY,EQ,N,1346.5,1324.35,1346.0,1324.35,1324.35,1341.0,142,190051.25,1406.0,771.31,12,INF082J01028,2020-11-25,2020-11-24T18:30:00.000Z,2020-11-25T12:00:38.054Z,2020-11-25T12:00:38.054Z,0,1338.39,25-Nov-2020
243,5fbf98e4a33acb0008385f5f,QNIFTY,EQ,N,1341.0,1336.0,1336.0,1338.5,1341.0,1324.35,2,2677.0,1406.0,771.31,2,INF082J01028,2020-11-26,2020-11-25T18:30:00.000Z,2020-11-26T12:00:36.298Z,2020-11-26T12:00:36.298Z,0,1338.5,26-Nov-2020
244,5fc0ea805e5259000894e6ac,QNIFTY,EQ,N,1343.0,1343.0,1343.0,1343.0,1343.0,1338.5,5,6715.0,1406.0,771.31,1,INF082J01028,2020-11-27,2020-11-26T18:30:00.000Z,2020-11-27T12:01:04.270Z,2020-11-27T12:01:04.270Z,0,1343.0,27-Nov-2020
245,5fc6305feb74920008ab92a9,QNIFTY,EQ,N,1375.0,1346.0,1356.0,1352.0,1352.0,1343.0,20,27174.2,1406.0,771.31,11,INF082J01028,2020-12-01,2020-11-30T18:30:00.000Z,2020-12-01T12:00:31.944Z,2020-12-01T12:00:31.944Z,0,1358.71,01-Dec-2020
246,5fc78200fdaa170009fa8878,QNIFTY,EQ,N,1355.0,1347.0,1355.0,1347.0,1347.0,1352.0,4,5404.0,1406.0,771.31,2,INF082J01028,2020-12-02,2020-12-01T18:30:00.000Z,2020-12-02T12:01:04.635Z,2020-12-02T12:01:04.635Z,0,1351.0,02-Dec-2020
247,5fc8d35efdaa170009fb6190,QNIFTY,EQ,N,1360.0,1350.0,1358.0,1360.0,1360.0,1347.0,90,121750.0,1406.0,771.31,14,INF082J01028,2020-12-03,2020-12-02T18:30:00.000Z,2020-12-03T12:00:30.073Z,2020-12-03T12:00:30.073Z,0,1352.78,03-Dec-2020
248,5f5f5b65d8f5e500081a92e2,QNIFTY,EQ,N,1189.0,1176.0,1186.0,1176.0,1176.0,1177.0,71,84080.45,1406.0,771.31,24,INF082J01028,2020-09-14,2020-09-13T18:30:00.000Z,2020-09-14T12:00:37.708Z,2020-09-14T12:00:37.708Z,0,1184.23,14-Sep-2020
249,5f6350004bb3370008cc1c0c,QNIFTY,EQ,N,1188.0,1186.0,1188.0,1186.0,1186.0,1176.0,20,23740.0,1406.0,771.31,2,INF082J01028,2020-09-17,2020-09-16T18:30:00.000Z,2020-09-17T12:01:04.603Z,2020-09-17T12:01:04.603Z,0,1187.0,17-Sep-2020
250,5f64a180b3e7590008061ce5,QNIFTY,EQ,N,1192.0,1178.0,1192.0,1180.0,1178.0,1186.0,35,41360.0,1406.0,771.31,4,INF082J01028,2020-09-18,2020-09-17T18:30:00.000Z,2020-09-18T12:01:04.605Z,2020-09-18T12:01:04.605Z,0,1181.71,18-Sep-2020
251,5f6895e238ec4f0008c0fbf8,QNIFTY,EQ,N,1186.0,1160.0,1186.0,1160.0,1160.0,1180.0,104,121979.4,1406.0,771.31,31,INF082J01028,2020-09-21,2020-09-20T18:30:00.000Z,2020-09-21T12:00:34.928Z,2020-09-21T12:00:34.928Z,0,1172.88,21-Sep-2020
252,5f69e78095ff530008e3933c,QNIFTY,EQ,N,1155.0,1144.0,1155.0,1144.0,1144.0,1160.0,90,103334.7,1406.0,771.31,12,INF082J01028,2020-09-22,2020-09-21T18:30:00.000Z,2020-09-22T12:01:04.507Z,2020-09-22T12:01:04.507Z,0,1148.16,22-Sep-2020
253,5f6b38e378ccfd0008ab0485,QNIFTY,EQ,N,1155.0,1141.0,1145.0,1141.0,1141.0,1144.0,260,297880.0,1406.0,771.31,7,INF082J01028,2020-09-23,2020-09-22T18:30:00.000Z,2020-09-23T12:00:35.869Z,2020-09-23T12:00:35.869Z,0,1145.69,23-Sep-2020
254,5f6c8a6295ff530008e39d07,QNIFTY,EQ,N,1121.0,1120.0,1121.0,1120.54,1120.0,1141.0,22,24652.0,1406.0,771.31,2,INF082J01028,2020-09-24,2020-09-23T18:30:00.000Z,2020-09-24T12:00:34.161Z,2020-09-24T12:00:34.161Z,0,1120.55,24-Sep-2020
255,5f71d05e95ff530008e3aa9c,QNIFTY,EQ,N,1155.0,1146.0,1146.0,1155.0,1155.0,1120.54,3,3453.0,1406.0,771.31,3,INF082J01028,2020-09-28,2020-09-27T18:30:00.000Z,2020-09-28T12:00:30.883Z,2020-09-28T12:00:30.883Z,0,1151.0,28-Sep-2020
256,5f7321e36c37890008e1bde8,QNIFTY,EQ,N,1164.0,1156.0,1156.0,1164.0,1164.0,1155.0,2,2320.0,1406.0,771.31,2,INF082J01028,2020-09-29,2020-09-28T18:30:00.000Z,2020-09-29T12:00:35.897Z,2020-09-29T12:00:35.897Z,0,1160.0,29-Sep-2020
257,5f75c4dee6999100084e780e,QNIFTY,EQ,N,1172.0,1168.0,1168.0,1172.0,1172.0,1164.0,20,23436.0,1406.0,771.31,4,INF082J01028,2020-10-01,2020-09-30T18:30:00.000Z,2020-10-01T12:00:30.989Z,2020-10-01T12:00:30.989Z,0,1171.8,01-Oct-2020
258,5f7b0b0052d75a0008b567be,QNIFTY,EQ,N,1186.0,1184.0,1186.0,1186.0,1186.0,1172.0,19,22524.0,1406.0,771.31,9,INF082J01028,2020-10-05,2020-10-04T18:30:00.000Z,2020-10-05T12:01:04.537Z,2020-10-05T12:01:04.537Z,0,1185.47,05-Oct-2020
259,5f7c5c7ffcd9700009409413,QNIFTY,EQ,N,1198.0,1190.0,1192.0,1198.0,1198.0,1186.0,42,50064.0,1406.0,771.31,6,INF082J01028,2020-10-06,2020-10-05T18:30:00.000Z,2020-10-06T12:01:03.920Z,2020-10-06T12:01:03.920Z,0,1192.0,06-Oct-2020
260,5f7dade43e35d40008457f7b,QNIFTY,EQ,N,1204.0,1204.0,1204.0,1204.0,1204.0,1198.0,10,12040.0,1406.0,771.31,1,INF082J01028,2020-10-07,2020-10-06T18:30:00.000Z,2020-10-07T12:00:36.967Z,2020-10-07T12:00:36.967Z,0,1204.0,07-Oct-2020
261,5f7eff803492d40008f03638,QNIFTY,EQ,N,1221.0,1216.0,1216.0,1217.0,1217.0,1204.0,15,18300.0,1406.0,771.31,6,INF082J01028,2020-10-08,2020-10-07T18:30:00.000Z,2020-10-08T12:01:04.082Z,2020-10-08T12:01:04.082Z,0,1220.0,08-Oct-2020
262,5f8050ff547d2f00083f3be9,QNIFTY,EQ,N,1220.0,1220.0,1220.0,1220.0,1220.0,1217.0,1,1220.0,1406.0,771.31,1,INF082J01028,2020-10-09,2020-10-08T18:30:00.000Z,2020-10-09T12:01:03.941Z,2020-10-09T12:01:03.941Z,0,1220.0,09-Oct-2020
263,5f844565547d2f00083f4c9b,QNIFTY,EQ,N,1236.0,1228.0,1234.0,1228.0,1228.0,1220.0,15,18458.0,1406.0,771.31,7,INF082J01028,2020-10-12,2020-10-11T18:30:00.000Z,2020-10-12T12:00:37.431Z,2020-10-12T12:00:37.431Z,0,1230.53,12-Oct-2020
264,5f859702547d2f00083f55a7,QNIFTY,EQ,N,1227.0,1227.0,1227.0,1227.0,1227.0,1228.0,21,25767.0,1406.0,771.31,1,INF082J01028,2020-10-13,2020-10-12T18:30:00.000Z,2020-10-13T12:01:06.294Z,2020-10-13T12:01:06.294Z,0,1227.0,13-Oct-2020
265,5f86e880e47ceb0008d0215b,QNIFTY,EQ,N,1223.0,1223.0,1223.0,1223.0,1223.0,1227.0,8,9784.0,1406.0,771.31,1,INF082J01028,2020-10-14,2020-10-13T18:30:00.000Z,2020-10-14T12:01:04.456Z,2020-10-14T12:01:04.456Z,0,1223.0,14-Oct-2020
266,5f8d7fddf1c69e000850b6a7,QNIFTY,EQ,N,1220.0,1218.0,1218.0,1218.0,1218.0,1223.0,31,37781.2,1406.0,771.31,6,INF082J01028,2020-10-19,2020-10-18T18:30:00.000Z,2020-10-19T12:00:29.147Z,2020-10-19T12:00:29.147Z,0,1218.75,19-Oct-2020
267,5f8ed164f1c69e000850bf9c,QNIFTY,EQ,N,1226.0,1224.0,1226.0,1224.18,1224.0,1218.0,11,13466.0,1406.0,771.31,2,INF082J01028,2020-10-20,2020-10-19T18:30:00.000Z,2020-10-20T12:00:36.080Z,2020-10-20T12:00:36.080Z,0,1224.18,20-Oct-2020
268,5f9023009b381a00088ff5e5,QNIFTY,EQ,N,1232.0,1222.0,1232.0,1222.0,1222.0,1224.18,100,122709.13,1406.0,771.31,16,INF082J01028,2020-10-21,2020-10-20T18:30:00.000Z,2020-10-21T12:01:04.439Z,2020-10-21T12:01:04.439Z,0,1227.09,21-Oct-2020
269,5f9174625967e70008187515,QNIFTY,EQ,N,1224.0,1222.0,1224.0,1222.0,1222.0,1222.0,24,29348.0,1406.0,771.31,4,INF082J01028,2020-10-22,2020-10-21T18:30:00.000Z,2020-10-22T12:00:34.661Z,2020-10-22T12:00:34.661Z,0,1222.83,22-Oct-2020
270,5f2a9f801514770008429d16,QNIFTY,EQ,N,1154.0,1154.0,1154.0,1154.0,1154.0,1139.0,3,3462.0,1406.0,771.31,1,INF082J01028,2020-08-05,2020-08-04T18:30:00.000Z,2020-08-05T12:01:04.458Z,2020-08-05T12:01:04.458Z,0,1154.0,05-Aug-2020
271,5f2bf0e250193900082d5391,QNIFTY,EQ,N,1151.0,1151.0,1151.0,1151.0,1151.0,1154.0,26,29926.0,1406.0,771.31,4,INF082J01028,2020-08-06,2020-08-05T18:30:00.000Z,2020-08-06T12:00:34.139Z,2020-08-06T12:00:34.139Z,0,1151.0,06-Aug-2020
272,5f2d42648d49840008eec5fb,QNIFTY,EQ,N,1151.0,1151.0,1151.0,1151.0,1151.0,1151.0,1,1151.0,1406.0,771.31,1,INF082J01028,2020-08-07,2020-08-06T18:30:00.000Z,2020-08-07T12:00:36.573Z,2020-08-07T12:00:36.573Z,0,1151.0,07-Aug-2020
273,5f313700c4ae000008d85471,QNIFTY,EQ,N,1166.0,1157.0,1157.0,1160.0,1160.0,1151.0,6,6969.0,1406.0,771.31,5,INF082J01028,2020-08-10,2020-08-09T18:30:00.000Z,2020-08-10T12:01:04.466Z,2020-08-10T12:01:04.466Z,0,1161.5,10-Aug-2020
274,5f33d9e3721ed80008e25545,QNIFTY,EQ,N,1162.0,1140.0,1159.0,1162.0,1162.0,1160.0,80,91978.0,1406.0,771.31,9,INF082J01028,2020-08-12,2020-08-11T18:30:00.000Z,2020-08-12T12:00:35.926Z,2020-08-12T12:00:35.926Z,0,1149.73,12-Aug-2020
275,5f352b6673d8800008a07d13,QNIFTY,EQ,N,1163.0,1163.0,1163.0,1163.0,1163.0,1162.0,13,15119.0,1406.0,771.31,2,INF082J01028,2020-08-13,2020-08-12T18:30:00.000Z,2020-08-13T12:00:38.891Z,2020-08-13T12:00:38.891Z,0,1163.0,13-Aug-2020
276,5f367d003c2b740008c7387c,QNIFTY,EQ,N,1169.0,1148.0,1166.0,1155.0,1155.0,1163.0,172,199179.0,1406.0,771.31,22,INF082J01028,2020-08-14,2020-08-13T18:30:00.000Z,2020-08-14T12:01:04.118Z,2020-08-14T12:01:04.118Z,0,1158.02,14-Aug-2020
277,5f3a718111c69a0008727e86,QNIFTY,EQ,N,1153.0,1153.0,1153.0,1153.0,1153.0,1155.0,1,1153.0,1406.0,771.31,1,INF082J01028,2020-08-17,2020-08-16T18:30:00.000Z,2020-08-17T12:01:05.177Z,2020-08-17T12:01:05.177Z,0,1153.0,17-Aug-2020
278,5f3d146417a2ec00084dc5fd,QNIFTY,EQ,N,1179.0,1160.0,1176.0,1160.0,1160.0,1153.0,66,77100.0,1406.0,771.31,12,INF082J01028,2020-08-19,2020-08-18T18:30:00.000Z,2020-08-19T12:00:36.843Z,2020-08-19T12:00:36.843Z,0,1168.18,19-Aug-2020
279,5f3fb78127c1bc000890360b,QNIFTY,EQ,N,1174.0,1160.0,1160.0,1171.0,1168.0,1160.0,80,93240.0,1406.0,771.31,9,INF082J01028,2020-08-21,2020-08-20T18:30:00.000Z,2020-08-21T12:01:05.069Z,2020-08-21T12:01:05.069Z,0,1165.5,21-Aug-2020
280,5f43abe3517338000877a1d8,QNIFTY,EQ,N,1182.0,1176.0,1176.0,1182.0,1182.0,1171.0,5,5895.0,1406.0,771.31,5,INF082J01028,2020-08-24,2020-08-23T18:30:00.000Z,2020-08-24T12:00:36.024Z,2020-08-24T12:00:36.024Z,0,1179.0,24-Aug-2020
281,5f44fd80398e530008cbeb12,QNIFTY,EQ,N,1184.0,1181.0,1184.0,1181.0,1181.0,1182.0,20,23650.0,1406.0,771.31,2,INF082J01028,2020-08-25,2020-08-24T18:30:00.000Z,2020-08-25T12:01:04.303Z,2020-08-25T12:01:04.303Z,0,1182.5,25-Aug-2020
282,5f47a080d038060009fe16ee,QNIFTY,EQ,N,1194.0,1194.0,1194.0,1194.0,1194.0,1181.0,2,2388.0,1406.0,771.31,1,INF082J01028,2020-08-27,2020-08-26T18:30:00.000Z,2020-08-27T12:01:04.034Z,2020-08-27T12:01:04.034Z,0,1194.0,27-Aug-2020
283,5f48f1de4f56cd000843de1e,QNIFTY,EQ,N,1202.0,1196.0,1196.0,1202.0,1202.0,1194.0,30,35970.0,1406.0,771.31,11,INF082J01028,2020-08-28,2020-08-27T18:30:00.000Z,2020-08-28T12:00:30.110Z,2020-08-28T12:00:30.110Z,0,1199.0,28-Aug-2020
284,5f4ce66658b0e900090861e1,QNIFTY,EQ,N,1212.0,1169.4,1212.0,1169.4,1169.4,1202.0,153,181480.5,1406.0,771.31,11,INF082J01028,2020-08-31,2020-08-30T18:30:00.000Z,2020-08-31T12:00:38.684Z,2020-08-31T12:00:38.684Z,0,1186.15,31-Aug-2020
285,5f4e37e3ebde4f0009f915cb,QNIFTY,EQ,N,1186.0,1186.0,1186.0,1186.0,1186.0,1169.4,2,2372.0,1406.0,771.31,2,INF082J01028,2020-09-01,2020-08-31T18:30:00.000Z,2020-09-01T12:00:35.191Z,2020-09-01T12:00:35.191Z,0,1186.0,01-Sep-2020
286,5f4f8980f5452d0008a051f0,QNIFTY,EQ,N,1180.0,1180.0,1180.0,1180.0,1180.0,1186.0,1,1180.0,1406.0,771.31,1,INF082J01028,2020-09-02,2020-09-01T18:30:00.000Z,2020-09-02T12:01:04.752Z,2020-09-02T12:01:04.752Z,0,1180.0,02-Sep-2020
287,5f5620e49db6d40008c4e581,QNIFTY,EQ,N,1168.7,1162.0,1168.7,1162.0,1162.0,1180.0,6,6987.7,1406.0,771.31,4,INF082J01028,2020-09-07,2020-09-06T18:30:00.000Z,2020-09-07T12:00:36.122Z,2020-09-07T12:00:36.122Z,0,1164.62,07-Sep-2020
288,5f58c3e5fb95de00085ab655,QNIFTY,EQ,N,1158.0,1155.0,1158.0,1155.0,1155.0,1162.0,2,2313.0,1406.0,771.31,2,INF082J01028,2020-09-09,2020-09-08T18:30:00.000Z,2020-09-09T12:00:37.066Z,2020-09-09T12:00:37.066Z,0,1156.5,09-Sep-2020
289,5f5a155e3390f6000817c54d,QNIFTY,EQ,N,1176.0,1171.0,1171.0,1175.77,1176.0,1155.0,3,3522.55,1406.0,771.31,3,INF082J01028,2020-09-10,2020-09-09T18:30:00.000Z,2020-09-10T12:00:30.262Z,2020-09-10T12:00:30.262Z,0,1174.18,10-Sep-2020
290,5f5b66e6b1bd6300081d814f,QNIFTY,EQ,N,1177.0,1177.0,1177.0,1177.0,1177.0,1175.77,2,2354.0,1406.0,771.31,1,INF082J01028,2020-09-11,2020-09-10T18:30:00.000Z,2020-09-11T12:00:38.289Z,2020-09-11T12:00:38.289Z,0,1177.0,11-Sep-2020
291,5f5f5b65d8f5e500081a92e2,QNIFTY,EQ,N,1189.0,1176.0,1186.0,1176.0,1176.0,1177.0,71,84080.45,1406.0,771.31,24,INF082J01028,2020-09-14,2020-09-13T18:30:00.000Z,2020-09-14T12:00:37.708Z,2020-09-14T12:00:37.708Z,0,1184.23,14-Sep-2020
292,5ef5e37fc1a70000082b933b,QNIFTY,EQ,N,1065.0,1065.0,1065.0,1065.0,1065.0,1057.0,6,6390.0,1406.0,771.31,1,INF082J01028,2020-06-26,2020-06-25T18:30:00.000Z,2020-06-26T12:01:03.922Z,2020-06-26T12:01:03.922Z,0,1065.0,26-Jun-2020
293,5efa2265d683380008b43ddd,QNIFTY,EQ,N,1060.0,1054.0,1060.0,1054.0,1054.0,1065.0,7,7398.7,1406.0,771.31,6,INF082J01028,2020-06-29,2020-06-28T18:30:00.000Z,2020-06-29T17:18:29.318Z,2020-06-29T17:18:29.318Z,0,1056.96,29-Jun-2020
294,5efb295c9088950008138fc3,QNIFTY,EQ,N,1064.0,1061.0,1064.0,1061.0,1061.0,1054.0,12,12765.0,1406.0,771.31,5,INF082J01028,2020-06-30,2020-06-29T18:30:00.000Z,2020-06-30T12:00:28.963Z,2020-06-30T12:00:28.963Z,0,1063.75,30-Jun-2020
295,5efcc96b0b8f47000850e2a6,QNIFTY,EQ,N,1071.0,1063.0,1063.0,1071.0,1071.0,1061.0,12,12791.0,1406.0,771.31,3,INF082J01028,2020-07-01,2020-06-30T18:30:00.000Z,2020-07-01T17:35:39.361Z,2020-07-01T17:35:39.361Z,0,1065.92,01-Jul-2020
296,5efdcc807869e5000973398c,QNIFTY,EQ,N,1088.0,1073.0,1079.0,1085.0,1085.0,1071.0,40,43161.0,1406.0,771.31,9,INF082J01028,2020-07-02,2020-07-01T18:30:00.000Z,2020-07-02T12:01:04.461Z,2020-07-02T12:01:04.461Z,0,1079.03,02-Jul-2020
297,5eff1e0159d2de000814f8f8,QNIFTY,EQ,N,1090.0,1086.0,1086.0,1090.0,1090.0,1085.0,2,2176.0,1406.0,771.31,2,INF082J01028,2020-07-03,2020-07-02T18:30:00.000Z,2020-07-03T12:01:05.174Z,2020-07-03T12:01:05.174Z,0,1088.0,03-Jul-2020
298,5f111c03da8bb90009dbd223,QNIFTY,EQ,N,1110.0,1098.0,1098.0,1110.0,1110.0,1090.0,39,43132.9,1406.0,771.31,12,INF082J01028,2020-07-06,2020-07-05T18:30:00.000Z,2020-07-17T03:33:23.585Z,2020-07-17T03:33:23.585Z,0,1105.97,06-Jul-2020
299,5f0463e19c0f4b0008140ef5,QNIFTY,EQ,N,1106.0,1100.0,1100.0,1106.0,1106.0,1110.0,25,27530.0,1406.0,771.31,3,INF082J01028,2020-07-07,2020-07-06T18:30:00.000Z,2020-07-07T12:00:33.109Z,2020-07-07T12:00:33.109Z,0,1101.2,07-Jul-2020
300,5f111b906a98190008dff49c,QNIFTY,EQ,N,1109.55,1103.0,1103.0,1109.0,1109.0,1106.0,49,54221.55,1406.0,771.31,10,INF082J01028,2020-07-09,2020-07-08T18:30:00.000Z,2020-07-17T03:31:28.404Z,2020-07-17T03:31:28.404Z,0,1106.56,09-Jul-2020
301,5f111d39da8bb90009dbdafc,QNIFTY,EQ,N,1112.0,1109.0,1109.0,1109.0,1109.0,1109.0,31,34382.0,1406.0,771.31,3,INF082J01028,2020-07-10,2020-07-09T18:30:00.000Z,2020-07-17T03:38:33.235Z,2020-07-17T03:38:33.235Z,0,1109.1,10-Jul-2020
302,5f605fde0c9b9500080a5944,QNIFTY,EQ,N,1118.0,1109.0,1118.0,1109.0,1109.0,1109.0,23,25594.0,1406.0,771.31,5,INF082J01028,2020-07-13,2020-07-12T18:30:00.000Z,2020-09-15T06:31:58.702Z,2020-09-15T06:31:58.702Z,0,1112.78,13-Jul-2020
303,5f0debe44826170008aa1e0d,QNIFTY,EQ,N,1099.0,1090.0,1099.0,1090.0,1090.0,1109.0,4,4380.7,1406.0,771.31,4,INF082J01028,2020-07-14,2020-07-13T18:30:00.000Z,2020-07-14T17:31:16.390Z,2020-07-14T17:31:16.390Z,0,1095.18,14-Jul-2020
304,5f1098774fc18a00089d14a7,QNIFTY,EQ,N,1092.0,1092.0,1092.0,1092.0,1092.0,1090.0,40,43680.0,1406.0,771.31,7,INF082J01028,2020-07-16,2020-07-15T18:30:00.000Z,2020-07-16T18:12:07.221Z,2020-07-16T18:12:07.221Z,0,1092.0,16-Jul-2020
305,5f119300cef9350008a5262c,QNIFTY,EQ,N,1112.0,1112.0,1112.0,1112.0,1112.0,1092.0,2,2224.0,1406.0,771.31,2,INF082J01028,2020-07-17,2020-07-16T18:30:00.000Z,2020-07-17T12:01:04.761Z,2020-07-17T12:01:04.761Z,0,1112.0,17-Jul-2020
306,5f15d4f06317fd00080d7c8b,QNIFTY,EQ,N,1134.0,1125.0,1125.0,1125.0,1125.0,1112.0,21,23684.0,1406.0,771.31,10,INF082J01028,2020-07-20,2020-07-19T18:30:00.000Z,2020-07-20T17:31:28.959Z,2020-07-20T17:31:28.959Z,0,1127.81,20-Jul-2020
307,5f16d900efc9fc0008af7b37,QNIFTY,EQ,N,1146.0,1136.0,1136.0,1146.0,1146.0,1125.0,2,2282.0,1406.0,771.31,2,INF082J01028,2020-07-21,2020-07-20T18:30:00.000Z,2020-07-21T12:01:04.709Z,2020-07-21T12:01:04.709Z,0,1141.0,21-Jul-2020
308,5f1b186c8a46ea0008de2ad3,QNIFTY,EQ,N,1150.0,1149.0,1149.0,1150.0,1150.0,1146.0,22,25289.0,1406.0,771.31,2,INF082J01028,2020-07-23,2020-07-22T18:30:00.000Z,2020-07-24T17:20:44.535Z,2020-07-24T17:20:44.535Z,0,1149.5,23-Jul-2020
309,5f1b182edd82bb00086f5b28,QNIFTY,EQ,N,1148.0,1143.0,1143.0,1148.0,1148.0,1150.0,24,27504.75,1406.0,771.31,8,INF082J01028,2020-07-24,2020-07-23T18:30:00.000Z,2020-07-24T17:19:42.078Z,2020-07-24T17:19:42.078Z,0,1146.03,24-Jul-2020
310,5fa0dd8f0951f1000879fdae,QNIFTY,EQ,N,1145.0,1143.55,1143.55,1145.0,1145.0,1148.0,2,2288.55,1406.0,771.31,2,INF082J01028,2020-07-27,2020-07-26T18:30:00.000Z,2020-11-03T04:33:19.683Z,2020-11-03T04:33:19.683Z,0,1144.28,27-Jul-2020
311,5f21413402e98e0008a38caf,QNIFTY,EQ,N,1151.0,1151.0,1151.0,1151.0,1151.0,1145.0,1,1151.0,1406.0,771.31,1,INF082J01028,2020-07-28,2020-07-27T18:30:00.000Z,2020-07-29T09:28:20.692Z,2020-07-29T09:28:20.692Z,0,1151.0,28-Jul-2020
312,5f216524071d1500088a0b4c,QNIFTY,EQ,N,1151.0,1106.0,1148.0,1136.0,1151.0,1151.0,139,157904.39,1406.0,771.31,51,INF082J01028,2020-07-29,2020-07-28T18:30:00.000Z,2020-07-29T12:01:40.295Z,2020-07-29T12:01:40.295Z,0,1136.0,29-Jul-2020
313,5f22fc352789e0000880023b,QNIFTY,EQ,N,1166.0,1148.0,1156.0,1164.31,1160.55,1136.0,113,130601.59,1406.0,771.31,29,INF082J01028,2020-07-30,2020-07-29T18:30:00.000Z,2020-07-30T16:58:29.455Z,2020-07-30T16:58:29.455Z,0,1155.77,30-Jul-2020
314,5f2407fa6648970008dba74e,QNIFTY,EQ,N,1143.0,1143.0,1143.0,1143.0,1143.0,1164.31,13,14859.0,1406.0,771.31,3,INF082J01028,2020-07-31,2020-07-30T18:30:00.000Z,2020-07-31T12:00:58.104Z,2020-07-31T12:00:58.104Z,0,1143.0,31-Jul-2020
315,5f294e00151477000842935c,QNIFTY,EQ,N,1139.0,1135.0,1135.0,1139.0,1139.0,1143.0,21,23859.0,1406.0,771.31,3,INF082J01028,2020-08-04,2020-08-03T18:30:00.000Z,2020-08-04T12:01:04.169Z,2020-08-04T12:01:04.169Z,0,1136.14,04-Aug-2020
316,5f2a9f801514770008429d16,QNIFTY,EQ,N,1154.0,1154.0,1154.0,1154.0,1154.0,1139.0,3,3462.0,1406.0,771.31,1,INF082J01028,2020-08-05,2020-08-04T18:30:00.000Z,2020-08-05T12:01:04.458Z,2020-08-05T12:01:04.458Z,0,1154.0,05-Aug-2020
317,5ec2790e5b32f10008a59397,QNIFTY,EQ,N,931.0,929.0,931.0,929.0,929.0,941.0,9,8377.0,1406.0,771.31,2,INF082J01028,2020-05-18,2020-05-17T18:30:00.000Z,2020-05-18T12:01:19.006Z,2020-05-18T12:01:19.006Z,0,930.78,18-May-2020
318,5ec3ca637ac81d00085e1901,QNIFTY,EQ,N,942.0,921.0,926.0,926.0,926.0,929.0,131,121652.0,1406.0,771.31,17,INF082J01028,2020-05-19,2020-05-18T18:30:00.000Z,2020-05-19T12:00:35.884Z,2020-05-19T12:00:35.884Z,0,928.64,19-May-2020
319,5ec51c00d776c7000837ef71,QNIFTY,EQ,N,925.5,920.0,924.0,925.5,925.5,926.0,29,26813.5,1406.0,771.31,5,INF082J01028,2020-05-20,2020-05-19T18:30:00.000Z,2020-05-20T12:01:04.251Z,2020-05-20T12:01:04.251Z,0,924.6,20-May-2020
320,5ecd04e10f5c2100084bbf29,QNIFTY,EQ,N,936.0,936.0,936.0,936.0,936.0,925.5,4,3744.0,1406.0,771.31,2,INF082J01028,2020-05-26,2020-05-25T18:30:00.000Z,2020-05-26T12:00:33.865Z,2020-05-26T12:00:33.865Z,0,936.0,26-May-2020
321,5ece567f2e488c00082ac99c,QNIFTY,EQ,N,955.0,937.0,938.0,955.0,955.0,936.0,31,29265.4,1406.0,771.31,8,INF082J01028,2020-05-27,2020-05-26T18:30:00.000Z,2020-05-27T12:01:03.763Z,2020-05-27T12:01:03.763Z,0,944.05,27-May-2020
322,5ecfa7ff413b6c0008209064,QNIFTY,EQ,N,963.0,945.0,945.0,960.0,960.0,955.0,14,13440.0,1406.0,771.31,4,INF082J01028,2020-05-28,2020-05-27T18:30:00.000Z,2020-05-28T12:01:03.877Z,2020-05-28T12:01:03.877Z,0,960.0,28-May-2020
323,5ed4edff76f1980008126e04,QNIFTY,EQ,N,1009.0,1009.0,1009.0,1009.0,1009.0,960.0,1,1009.0,1406.0,771.31,1,INF082J01028,2020-06-01,2020-05-31T18:30:00.000Z,2020-06-01T12:01:03.886Z,2020-06-01T12:01:03.886Z,0,1009.0,01-Jun-2020
324,5ee76731a27a6a0008c9ec6f,QNIFTY,EQ,N,1023.0,1020.0,1020.0,1020.0,1020.0,1009.0,19,19395.0,1406.0,771.31,5,INF082J01028,2020-06-02,2020-06-01T18:30:00.000Z,2020-06-15T12:18:57.763Z,2020-06-15T12:18:57.763Z,0,1020.79,02-Jun-2020
325,5ed791017a1af200085d06c9,QNIFTY,EQ,N,1039.0,1036.0,1036.0,1037.0,1037.0,1020.0,4,4151.0,1406.0,771.31,3,INF082J01028,2020-06-03,2020-06-02T18:30:00.000Z,2020-06-03T12:01:05.148Z,2020-06-03T12:01:05.148Z,0,1037.75,03-Jun-2020
326,5ed8e2644439fd000851280d,QNIFTY,EQ,N,1034.0,1034.0,1034.0,1034.0,1034.0,1037.0,1,1034.0,1406.0,771.31,1,INF082J01028,2020-06-04,2020-06-03T18:30:00.000Z,2020-06-04T12:00:36.708Z,2020-06-04T12:00:36.708Z,0,1034.0,04-Jun-2020
327,5eda340044f13100088b57c0,QNIFTY,EQ,N,1040.0,1037.0,1040.0,1037.0,1037.0,1034.0,5,5194.0,1406.0,771.31,2,INF082J01028,2020-06-05,2020-06-04T18:30:00.000Z,2020-06-05T12:01:04.235Z,2020-06-05T12:01:04.235Z,0,1038.8,05-Jun-2020
328,5ef243cbb998c10008afc8c8,QNIFTY,EQ,N,1213.1,1050.0,1213.1,1050.0,1050.0,1037.0,39,41355.85,1406.0,771.31,14,INF082J01028,2020-06-08,2020-06-07T18:30:00.000Z,2020-06-23T18:02:51.904Z,2020-06-23T18:02:51.904Z,0,1060.41,08-Jun-2020
329,5ef243e0ba3ac100096f1685,QNIFTY,EQ,N,1050.0,1031.0,1048.0,1033.28,1032.0,1050.0,46,47885.55,1406.0,771.31,11,INF082J01028,2020-06-09,2020-06-08T18:30:00.000Z,2020-06-23T18:03:12.682Z,2020-06-23T18:03:12.682Z,0,1040.99,09-Jun-2020
330,5ef24476f328a00008db09d4,QNIFTY,EQ,N,1036.0,1036.0,1036.0,1036.0,1036.0,1033.28,1,1036.0,1406.0,771.31,1,INF082J01028,2020-06-10,2020-06-09T18:30:00.000Z,2020-06-23T18:05:42.507Z,2020-06-23T18:05:42.507Z,0,1036.0,10-Jun-2020
331,5ef2444cc4ea2e0008a74da6,QNIFTY,EQ,N,1039.0,1018.0,1037.0,1036.0,1036.0,1036.0,86,88424.4,1406.0,771.31,18,INF082J01028,2020-06-11,2020-06-10T18:30:00.000Z,2020-06-23T18:05:00.830Z,2020-06-23T18:05:00.830Z,0,1028.19,11-Jun-2020
332,5ee36ec5f0beca000932bf80,QNIFTY,EQ,N,1017.51,994.0,997.0,1017.51,1017.51,1036.0,192,193336.66,1406.0,771.31,41,INF082J01028,2020-06-12,2020-06-11T18:30:00.000Z,2020-06-12T12:02:14.285Z,2020-06-12T12:02:14.285Z,0,1006.96,12-Jun-2020
333,5ee768defdc386000899ad16,QNIFTY,EQ,N,1017.0,1005.0,1017.0,1009.13,1011.0,1017.51,48,48385.55,1406.0,771.31,13,INF082J01028,2020-06-15,2020-06-14T18:30:00.000Z,2020-06-15T12:26:06.277Z,2020-06-15T12:26:06.277Z,0,1008.03,15-Jun-2020
334,5ee8b4776ad8fa00085c1e49,QNIFTY,EQ,N,1026.0,1009.0,1026.0,1015.0,1015.0,1009.13,51,51867.0,1406.0,771.31,10,INF082J01028,2020-06-16,2020-06-15T18:30:00.000Z,2020-06-16T12:00:55.967Z,2020-06-16T12:00:55.967Z,0,1017.0,16-Jun-2020
335,5eea05e846247b000830655e,QNIFTY,EQ,N,1018.0,1015.0,1015.0,1018.0,1018.0,1015.0,2,2033.0,1406.0,771.31,2,INF082J01028,2020-06-17,2020-06-16T18:30:00.000Z,2020-06-17T12:00:40.541Z,2020-06-17T12:00:40.541Z,0,1016.5,17-Jun-2020
336,5eeb7f4ec126050008ec91c4,QNIFTY,EQ,N,1035.6,1015.0,1015.0,1033.38,1031.0,1018.0,47,48508.5,1406.0,771.31,10,INF082J01028,2020-06-18,2020-06-17T18:30:00.000Z,2020-06-18T14:50:54.400Z,2020-06-18T14:50:54.400Z,0,1032.1,18-Jun-2020
337,5eeca90bca24150008292bdb,QNIFTY,EQ,N,1051.0,1043.0,1043.0,1051.0,1051.0,1033.38,6,6275.0,1406.0,771.31,6,INF082J01028,2020-06-19,2020-06-18T18:30:00.000Z,2020-06-19T12:01:15.785Z,2020-06-19T12:01:15.785Z,0,1045.83,19-Jun-2020
338,5ef243b35ff88f00087d7bb6,QNIFTY,EQ,N,1066.0,1060.0,1060.0,1065.0,1065.0,1051.0,18,19127.0,1406.0,771.31,10,INF082J01028,2020-06-22,2020-06-21T18:30:00.000Z,2020-06-23T18:02:27.127Z,2020-06-23T18:02:27.127Z,0,1062.61,22-Jun-2020
339,5ef1ef1a8d7230000817f9c0,QNIFTY,EQ,N,1213.1,855.0,855.0,1071.16,1071.5,1065.0,66,73055.4,1406.0,771.31,20,INF082J01028,2020-06-23,2020-06-22T18:30:00.000Z,2020-06-23T12:01:31.056Z,2020-06-23T12:01:31.056Z,0,1106.9,23-Jun-2020
340,5f111b309efdea00086cbe45,QNIFTY,EQ,N,1082.0,1079.0,1079.0,1082.0,1082.0,1071.16,2,2161.0,1406.0,771.31,2,INF082J01028,2020-06-24,2020-06-23T18:30:00.000Z,2020-07-17T03:29:52.031Z,2020-07-17T03:29:52.031Z,0,1080.5,24-Jun-2020
341,5f111b5f048982000805a8e8,QNIFTY,EQ,N,1071.0,1056.0,1071.0,1057.0,1057.0,1082.0,118,125119.7,1406.0,771.31,21,INF082J01028,2020-06-25,2020-06-24T18:30:00.000Z,2020-07-17T03:30:39.100Z,2020-07-17T03:30:39.100Z,0,1060.34,25-Jun-2020
342,5ef5e37fc1a70000082b933b,QNIFTY,EQ,N,1065.0,1065.0,1065.0,1065.0,1065.0,1057.0,6,6390.0,1406.0,771.31,1,INF082J01028,2020-06-26,2020-06-25T18:30:00.000Z,2020-06-26T12:01:03.922Z,2020-06-26T12:01:03.922Z,0,1065.0,26-Jun-2020
343,5e8c6b7f097b5b00085aca29,QNIFTY,EQ,N,917.0,832.5,917.0,880.0,880.0,832.0,203,176372.05,1406.0,771.31,30,INF082J01028,2020-04-07,2020-04-06T18:30:00.000Z,2020-04-07T12:01:03.565Z,2020-04-07T12:01:03.565Z,0,868.83,07-Apr-2020
344,5e8dbd002b81d000080d153f,QNIFTY,EQ,N,915.99,900.0,906.0,905.5,907.0,880.0,142,128791.16,1406.0,771.31,32,INF082J01028,2020-04-08,2020-04-07T18:30:00.000Z,2020-04-08T12:01:04.143Z,2020-04-08T12:01:04.143Z,0,906.98,08-Apr-2020
345,5e8f0e7f9f28990008153d57,QNIFTY,EQ,N,930.0,930.0,930.0,930.0,930.0,905.5,8,7440.0,1406.0,771.31,1,INF082J01028,2020-04-09,2020-04-08T18:30:00.000Z,2020-04-09T12:01:03.461Z,2020-04-09T12:01:03.461Z,0,930.0,09-Apr-2020
346,5e94547f328a5900084155bc,QNIFTY,EQ,N,925.0,918.0,922.0,924.5,924.5,930.0,31,28624.0,1406.0,771.31,6,INF082J01028,2020-04-13,2020-04-12T18:30:00.000Z,2020-04-13T12:01:03.050Z,2020-04-13T12:01:03.050Z,0,923.35,13-Apr-2020
347,5e96f77fd46af300089bd6a3,QNIFTY,EQ,N,948.0,916.0,925.0,925.0,925.0,924.5,210,195405.5,1406.0,771.31,26,INF082J01028,2020-04-15,2020-04-14T18:30:00.000Z,2020-04-15T12:01:03.174Z,2020-04-15T12:01:03.174Z,0,930.5,15-Apr-2020
348,5e9848e2cd402800080de93e,QNIFTY,EQ,N,942.0,916.0,916.0,926.0,926.0,925.0,78,72026.0,1406.0,771.31,13,INF082J01028,2020-04-16,2020-04-15T18:30:00.000Z,2020-04-16T12:00:34.763Z,2020-04-16T12:00:34.763Z,0,923.41,16-Apr-2020
349,5e999a5cd9a83d0008a9bdf4,QNIFTY,EQ,N,948.0,939.0,948.0,944.0,942.0,926.0,28,26457.0,1406.0,771.31,8,INF082J01028,2020-04-17,2020-04-16T18:30:00.000Z,2020-04-17T12:00:28.785Z,2020-04-17T12:00:28.785Z,0,944.89,17-Apr-2020
350,5e9d8effea7d82000850d837,QNIFTY,EQ,N,960.0,957.0,960.0,957.0,957.0,944.0,9,8622.0,1406.0,771.31,5,INF082J01028,2020-04-20,2020-04-19T18:30:00.000Z,2020-04-20T12:01:03.779Z,2020-04-20T12:01:03.779Z,0,958.0,20-Apr-2020
351,5e9ee0642fa7f400080fefdd,QNIFTY,EQ,N,941.0,922.0,941.0,929.0,929.0,957.0,40,37073.0,1406.0,771.31,17,INF082J01028,2020-04-21,2020-04-20T18:30:00.000Z,2020-04-21T12:00:36.653Z,2020-04-21T12:00:36.653Z,0,926.83,21-Apr-2020
352,5ea031e229938c0008a2bd39,QNIFTY,EQ,N,941.0,928.0,932.0,938.63,935.0,929.0,64,60017.0,1406.0,771.31,9,INF082J01028,2020-04-22,2020-04-21T18:30:00.000Z,2020-04-22T12:00:34.669Z,2020-04-22T12:00:34.669Z,0,937.77,22-Apr-2020
353,5ea1837ff581ca0008bae488,QNIFTY,EQ,N,960.0,946.0,946.0,955.0,955.0,938.63,43,41110.0,1406.0,771.31,15,INF082J01028,2020-04-23,2020-04-22T18:30:00.000Z,2020-04-23T12:01:03.534Z,2020-04-23T12:01:03.534Z,0,956.05,23-Apr-2020
354,5ea6c964544ba90008e899a3,QNIFTY,EQ,N,960.0,955.0,955.0,960.0,960.0,955.0,19,18190.0,1406.0,771.31,6,INF082J01028,2020-04-27,2020-04-26T18:30:00.000Z,2020-04-27T12:00:36.189Z,2020-04-27T12:00:36.189Z,0,957.37,27-Apr-2020
355,5ea81ae444c8c20008e52647,QNIFTY,EQ,N,960.0,960.0,960.0,960.0,960.0,960.0,6,5760.0,1406.0,771.31,1,INF082J01028,2020-04-28,2020-04-27T18:30:00.000Z,2020-04-28T12:00:36.031Z,2020-04-28T12:00:36.031Z,0,960.0,28-Apr-2020
356,5eaabddd4a869300089a8e1e,QNIFTY,EQ,N,1022.0,1006.0,1010.0,1013.0,1013.0,960.0,62,62919.0,1406.0,771.31,8,INF082J01028,2020-04-30,2020-04-29T18:30:00.000Z,2020-04-30T12:00:29.098Z,2020-04-30T12:00:29.098Z,0,1014.82,30-Apr-2020
357,5ef24559b9601200082d86c8,QNIFTY,EQ,N,972.0,958.0,972.0,959.0,958.0,1013.0,5,4834.0,1406.0,771.31,4,INF082J01028,2020-05-04,2020-05-03T18:30:00.000Z,2020-06-23T18:09:29.802Z,2020-06-23T18:09:29.802Z,0,966.8,04-May-2020
358,5ece2fbca7d70700082386f9,QNIFTY,EQ,N,973.0,948.0,973.0,958.66,948.0,959.0,89,85613.75,1406.0,771.31,17,INF082J01028,2020-05-05,2020-05-04T18:30:00.000Z,2020-05-27T09:15:40.459Z,2020-05-27T09:15:40.459Z,0,961.95,05-May-2020
359,5eb2a6e36952ee0008288b06,QNIFTY,EQ,N,957.0,950.0,950.0,957.0,957.0,958.66,25,23805.0,1406.0,771.31,3,INF082J01028,2020-05-06,2020-05-05T18:30:00.000Z,2020-05-06T12:00:35.086Z,2020-05-06T12:00:35.086Z,0,952.2,06-May-2020
360,5eb3f85c5bbde20008dc3dfd,QNIFTY,EQ,N,1036.0,897.0,897.0,946.0,946.0,957.0,30,29330.0,1406.0,771.31,12,INF082J01028,2020-05-07,2020-05-06T18:30:00.000Z,2020-05-07T12:00:28.294Z,2020-05-07T12:00:28.294Z,0,977.67,07-May-2020
361,5eb549dfd994850008368143,QNIFTY,EQ,N,961.0,954.0,957.0,954.0,954.0,946.0,13,12439.0,1406.0,771.31,4,INF082J01028,2020-05-08,2020-05-07T18:30:00.000Z,2020-05-08T12:00:31.138Z,2020-05-08T12:00:31.138Z,0,956.85,08-May-2020
362,5eb93e6293bc02000807a0f3,QNIFTY,EQ,N,968.0,950.0,968.0,950.0,950.0,954.0,4,3840.0,1406.0,771.31,4,INF082J01028,2020-05-11,2020-05-10T18:30:00.000Z,2020-05-11T12:00:34.225Z,2020-05-11T12:00:34.225Z,0,960.0,11-May-2020
363,5eba8fe2dad6ca0008e06ab4,QNIFTY,EQ,N,1020.2,934.0,950.0,945.0,945.0,950.0,363,343888.15,1406.0,771.31,42,INF082J01028,2020-05-12,2020-05-11T18:30:00.000Z,2020-05-12T12:00:34.707Z,2020-05-12T12:00:34.707Z,0,947.35,12-May-2020
364,5ebbe162f79ef100088a769d,QNIFTY,EQ,N,971.0,945.0,945.0,965.33,968.0,945.0,35,33836.0,1406.0,771.31,9,INF082J01028,2020-05-13,2020-05-12T18:30:00.000Z,2020-05-13T12:00:34.620Z,2020-05-13T12:00:34.620Z,0,966.74,13-May-2020
365,5ebd32e2b7d0c80008e47450,QNIFTY,EQ,N,952.0,948.0,952.0,948.0,948.0,965.33,12,11384.0,1406.0,771.31,2,INF082J01028,2020-05-14,2020-05-13T18:30:00.000Z,2020-05-14T12:00:34.955Z,2020-05-14T12:00:34.955Z,0,948.67,14-May-2020
366,5ebe847fc738bf0008c4dc51,QNIFTY,EQ,N,941.0,837.14,837.14,941.0,941.0,948.0,66,61436.76,1406.0,771.31,12,INF082J01028,2020-05-15,2020-05-14T18:30:00.000Z,2020-05-15T12:01:03.317Z,2020-05-15T12:01:03.317Z,0,930.86,15-May-2020
367,5e57af63a6a62e00087805af,QNIFTY,EQ,N,1191.0,1188.0,1191.0,1188.7,1188.7,1199.0,5,5944.4,1406.0,1068.71,5,INF082J01028,2020-02-27,2020-02-26T18:30:00.000Z,2020-02-27T12:00:35.218Z,2020-02-27T12:00:35.218Z,0,1188.88,27-Feb-2020
368,5e5900e3ce0adf0008888c9c,QNIFTY,EQ,N,1168.0,1158.0,1166.0,1158.0,1158.0,1188.7,19,22162.0,1406.0,1068.71,6,INF082J01028,2020-02-28,2020-02-27T18:30:00.000Z,2020-02-28T12:00:35.907Z,2020-02-28T12:00:35.907Z,0,1166.42,28-Feb-2020
369,5e5cf57f9e55a200083f553f,QNIFTY,EQ,N,1169.0,1148.0,1166.0,1154.0,1148.0,1158.0,141,163181.0,1406.0,1068.71,8,INF082J01028,2020-03-02,2020-03-01T18:30:00.000Z,2020-03-02T12:01:03.134Z,2020-03-02T12:01:03.134Z,0,1157.31,02-Mar-2020
370,5e5e46dc599ecf00083951b6,QNIFTY,EQ,N,1163.0,1153.0,1163.0,1153.0,1153.0,1154.0,68,78632.12,1406.0,1068.71,12,INF082J01028,2020-03-03,2020-03-02T18:30:00.000Z,2020-03-03T12:00:28.393Z,2020-03-03T12:00:28.393Z,0,1156.35,03-Mar-2020
371,5e5f9861e28dc70008eebc69,QNIFTY,EQ,N,1161.0,1143.0,1159.0,1153.0,1157.0,1153.0,66,76158.0,1406.0,1068.71,8,INF082J01028,2020-03-04,2020-03-03T18:30:00.000Z,2020-03-04T12:00:33.745Z,2020-03-04T12:00:33.745Z,0,1153.91,04-Mar-2020
372,5e60e9e13022d70008501800,QNIFTY,EQ,N,1161.0,1161.0,1161.0,1161.0,1161.0,1153.0,4,4644.0,1406.0,1068.71,2,INF082J01028,2020-03-05,2020-03-04T18:30:00.000Z,2020-03-05T12:00:33.566Z,2020-03-05T12:00:33.566Z,0,1161.0,05-Mar-2020
373,5e623b6113351a000888f8c9,QNIFTY,EQ,N,1130.0,1124.0,1126.0,1130.0,1130.0,1161.0,38,42813.0,1406.0,1068.71,13,INF082J01028,2020-03-06,2020-03-05T18:30:00.000Z,2020-03-06T12:00:33.680Z,2020-03-06T12:00:33.680Z,0,1126.66,06-Mar-2020
374,5e662fff9fa524000822b9f8,QNIFTY,EQ,N,1108.7,1071.0,1108.7,1071.0,1071.0,1130.0,47,51135.1,1406.0,1068.71,13,INF082J01028,2020-03-09,2020-03-08T18:30:00.000Z,2020-03-09T12:01:03.447Z,2020-03-09T12:01:03.447Z,0,1087.98,09-Mar-2020
375,5e68d2dc5def9e000876c02c,QNIFTY,EQ,N,1079.0,1071.0,1079.0,1077.0,1077.0,1071.0,42,45231.7,1406.0,1068.71,6,INF082J01028,2020-03-11,2020-03-10T18:30:00.000Z,2020-03-11T12:00:29.000Z,2020-03-11T12:00:29.000Z,0,1076.95,11-Mar-2020
376,5e6a246427e7a10008ff17fa,QNIFTY,EQ,N,1050.0,1017.0,1050.0,1017.0,1017.0,1077.0,41,42270.1,1406.0,1017.0,18,INF082J01028,2020-03-12,2020-03-11T18:30:00.000Z,2020-03-12T12:00:36.257Z,2020-03-12T12:00:36.257Z,0,1030.98,12-Mar-2020
377,5e6b75e12901d300081cf932,QNIFTY,EQ,N,1146.0,870.0,870.0,1022.81,1023.0,1017.0,3380,3462544.0,1406.0,870.0,73,INF082J01028,2020-03-13,2020-03-12T18:30:00.000Z,2020-03-13T12:00:33.793Z,2020-03-13T12:00:33.793Z,0,1024.42,13-Mar-2020
378,5e6f6a7f5de3ae0008ceb28f,QNIFTY,EQ,N,1000.0,958.7,1000.0,969.33,964.0,1022.81,255,250174.37,1406.0,870.0,31,INF082J01028,2020-03-16,2020-03-15T18:30:00.000Z,2020-03-16T12:01:03.919Z,2020-03-16T12:01:03.919Z,0,981.08,16-Mar-2020
379,5e70bbe2c32b4c00086b1463,QNIFTY,EQ,N,986.0,940.0,962.0,958.63,941.0,969.33,52,49964.4,1406.0,870.0,22,INF082J01028,2020-03-17,2020-03-16T18:30:00.000Z,2020-03-17T12:00:34.353Z,2020-03-17T12:00:34.353Z,0,960.85,17-Mar-2020
380,5e720d658a1f0f0008bf70fe,QNIFTY,EQ,N,943.73,878.7,942.0,926.0,926.0,958.63,120,110572.98,1406.0,870.0,32,INF082J01028,2020-03-18,2020-03-17T18:30:00.000Z,2020-03-18T12:00:37.349Z,2020-03-18T12:00:37.349Z,0,921.44,18-Mar-2020
381,5e735ede984da20008ffe919,QNIFTY,EQ,N,895.56,771.31,858.7,852.61,832.0,926.0,1212,1019525.76,1406.0,771.31,216,INF082J01028,2020-03-19,2020-03-18T18:30:00.000Z,2020-03-19T12:00:30.536Z,2020-03-19T12:00:30.536Z,0,841.19,19-Mar-2020
382,5e74b062f727ea0008e5b20e,QNIFTY,EQ,N,889.0,852.0,854.0,889.0,889.0,852.61,249,216101.35,1406.0,771.31,33,INF082J01028,2020-03-20,2020-03-19T18:30:00.000Z,2020-03-20T12:00:34.258Z,2020-03-20T12:00:34.258Z,0,867.88,20-Mar-2020
383,5e78a4e452ea370008a7b965,QNIFTY,EQ,N,1017.0,810.0,1017.0,836.5,812.0,889.0,180,150738.0,1406.0,771.31,23,INF082J01028,2020-03-23,2020-03-22T18:30:00.000Z,2020-03-23T12:00:36.165Z,2020-03-23T12:00:36.165Z,0,837.43,23-Mar-2020
384,5e79f67fe7b7180008a9c73f,QNIFTY,EQ,N,999.0,810.0,999.0,819.98,818.0,836.5,1102,905436.98,1406.0,771.31,29,INF082J01028,2020-03-24,2020-03-23T18:30:00.000Z,2020-03-24T12:01:03.241Z,2020-03-24T12:01:03.241Z,0,821.63,24-Mar-2020
385,5e7b47ffada1850008e448ba,QNIFTY,EQ,N,828.52,810.0,812.0,828.52,828.52,819.98,230,188843.43,1406.0,771.31,32,INF082J01028,2020-03-25,2020-03-24T18:30:00.000Z,2020-03-25T12:01:03.280Z,2020-03-25T12:01:03.280Z,0,821.06,25-Mar-2020
386,5e7c997fd2f6610008810d65,QNIFTY,EQ,N,959.0,850.0,850.0,922.0,888.1,828.52,363,323519.23,1406.0,771.31,58,INF082J01028,2020-03-26,2020-03-25T18:30:00.000Z,2020-03-26T12:01:03.477Z,2020-03-26T12:01:03.477Z,0,891.24,26-Mar-2020
387,5e7deae32fba8e000887b0a4,QNIFTY,EQ,N,922.0,880.0,908.7,889.34,885.0,922.0,355,319622.71,1406.0,771.31,47,INF082J01028,2020-03-27,2020-03-26T18:30:00.000Z,2020-03-27T12:00:35.226Z,2020-03-27T12:00:35.226Z,0,900.35,27-Mar-2020
388,5e81dfbeba9bb000080b79c2,QNIFTY,EQ,N,1066.0,855.0,925.0,856.51,855.0,889.34,146,129833.2,1406.0,771.31,28,INF082J01028,2020-03-30,2020-03-29T18:30:00.000Z,2020-03-30T12:02:06.315Z,2020-03-30T12:02:06.315Z,0,889.27,30-Mar-2020
389,5e8330ffe0c06f00088f8641,QNIFTY,EQ,N,886.0,868.0,868.0,884.55,885.0,856.51,186,163532.0,1406.0,771.31,18,INF082J01028,2020-03-31,2020-03-30T18:30:00.000Z,2020-03-31T12:01:03.399Z,2020-03-31T12:01:03.399Z,0,879.2,31-Mar-2020
390,5e8482638ee8730008348f27,QNIFTY,EQ,N,884.6,848.9,884.6,850.0,850.0,884.55,138,118659.78,1406.0,771.31,26,INF082J01028,2020-04-01,2020-03-31T18:30:00.000Z,2020-04-01T12:00:35.018Z,2020-04-01T12:00:35.018Z,0,859.85,01-Apr-2020
391,5e872563e4335f0008b35f2c,QNIFTY,EQ,N,849.0,808.0,849.0,832.0,832.0,850.0,172,144644.86,1406.0,771.31,40,INF082J01028,2020-04-03,2020-04-02T18:30:00.000Z,2020-04-03T12:00:35.858Z,2020-04-03T12:00:35.858Z,0,840.96,03-Apr-2020
392,5e8c6b7f097b5b00085aca29,QNIFTY,EQ,N,917.0,832.5,917.0,880.0,880.0,832.0,203,176372.05,1406.0,771.31,30,INF082J01028,2020-04-07,2020-04-06T18:30:00.000Z,2020-04-07T12:01:03.565Z,2020-04-07T12:01:03.565Z,0,868.83,07-Apr-2020
393,5e25966182871b000846528f,QNIFTY,EQ,N,1271.0,1266.0,1271.0,1266.0,1266.0,1269.5,20,25370.0,1296.0,1068.71,2,INF082J01028,2020-01-20,2020-01-19T18:30:00.000Z,2020-01-20T12:00:33.426Z,2020-01-20T12:00:33.426Z,0,1268.5,20-Jan-2020
394,5e28395c350bd900081889b1,QNIFTY,EQ,N,1248.0,1248.0,1248.0,1248.0,1248.0,1266.0,2,2496.0,1296.0,1068.71,2,INF082J01028,2020-01-22,2020-01-21T18:30:00.000Z,2020-01-22T12:00:28.925Z,2020-01-22T12:00:28.925Z,0,1248.0,22-Jan-2020
395,5e298ae123252f0008a1d4ce,QNIFTY,EQ,N,1244.0,1244.0,1244.0,1244.0,1244.0,1248.0,1,1244.0,1296.0,1068.71,1,INF082J01028,2020-01-23,2020-01-22T18:30:00.000Z,2020-01-23T12:00:33.784Z,2020-01-23T12:00:33.784Z,0,1244.0,23-Jan-2020
396,5e2ed1003d641100085c052c,QNIFTY,EQ,N,1253.0,1252.5,1253.0,1252.5,1252.5,1244.0,20,25055.0,1296.0,1068.71,2,INF082J01028,2020-01-27,2020-01-26T18:30:00.000Z,2020-01-27T12:01:04.188Z,2020-01-27T12:01:04.188Z,0,1252.75,27-Jan-2020
397,5e30227fc65a7a0008f257e2,QNIFTY,EQ,N,1406.0,1239.0,1247.0,1239.0,1239.0,1252.5,484,628694.46,1406.0,1068.71,43,INF082J01028,2020-01-28,2020-01-27T18:30:00.000Z,2020-01-28T12:01:03.725Z,2020-01-28T12:01:03.725Z,0,1298.96,28-Jan-2020
398,5e3173ffbfc8c60008092eb6,QNIFTY,EQ,N,1247.0,1247.0,1247.0,1247.0,1247.0,1239.0,20,24940.0,1406.0,1068.71,7,INF082J01028,2020-01-29,2020-01-28T18:30:00.000Z,2020-01-29T12:01:03.992Z,2020-01-29T12:01:03.992Z,0,1247.0,29-Jan-2020
399,5e3416e278f7fe0008261247,QNIFTY,EQ,N,1239.0,1233.0,1239.0,1233.0,1233.0,1247.0,11,13569.0,1406.0,1068.71,7,INF082J01028,2020-01-31,2020-01-30T18:30:00.000Z,2020-01-31T12:00:34.963Z,2020-01-31T12:00:34.963Z,0,1233.55,31-Jan-2020
400,5e35687f293b5a00089d49d7,QNIFTY,EQ,N,1230.0,1206.0,1230.0,1206.71,1206.0,1233.0,102,123926.4,1406.0,1068.71,27,INF082J01028,2020-02-01,2020-01-31T18:30:00.000Z,2020-02-01T12:01:03.645Z,2020-02-01T12:01:03.645Z,0,1214.96,01-Feb-2020
401,5e380b7f901a7e00088a0e91,QNIFTY,EQ,N,1202.0,1199.0,1199.0,1202.0,1202.0,1206.71,20,24010.0,1406.0,1068.71,2,INF082J01028,2020-02-03,2020-02-02T18:30:00.000Z,2020-02-03T12:01:03.043Z,2020-02-03T12:01:03.043Z,0,1200.5,03-Feb-2020
402,5e395ce2236420000875147f,QNIFTY,EQ,N,1218.0,1214.5,1214.5,1218.0,1218.0,1202.0,20,24325.0,1406.0,1068.71,2,INF082J01028,2020-02-04,2020-02-03T18:30:00.000Z,2020-02-04T12:00:34.994Z,2020-02-04T12:00:34.994Z,0,1216.25,04-Feb-2020
403,5e3aae6184ff470008f85e8c,QNIFTY,EQ,N,1239.0,1234.5,1234.5,1235.0,1235.0,1218.0,17,21019.5,1406.0,1068.71,13,INF082J01028,2020-02-05,2020-02-04T18:30:00.000Z,2020-02-05T12:00:33.060Z,2020-02-05T12:00:33.060Z,0,1236.44,05-Feb-2020
404,5e3bffe3f669df000874df46,QNIFTY,EQ,N,1247.0,1236.0,1236.0,1247.0,1247.0,1235.0,44,54829.5,1406.0,1068.71,26,INF082J01028,2020-02-06,2020-02-05T18:30:00.000Z,2020-02-06T12:00:35.487Z,2020-02-06T12:00:35.487Z,0,1246.13,06-Feb-2020
405,5e414600792b6d00083595be,QNIFTY,EQ,N,1235.0,1235.0,1235.0,1235.0,1235.0,1247.0,1,1235.0,1406.0,1068.71,1,INF082J01028,2020-02-10,2020-02-09T18:30:00.000Z,2020-02-10T12:01:04.975Z,2020-02-10T12:01:04.975Z,0,1235.0,10-Feb-2020
406,5e42977fb371e50008f858e5,QNIFTY,EQ,N,1249.5,1248.0,1249.5,1248.0,1248.0,1235.0,12,14991.0,1406.0,1068.71,8,INF082J01028,2020-02-11,2020-02-10T18:30:00.000Z,2020-02-11T12:01:03.641Z,2020-02-11T12:01:03.641Z,0,1249.25,11-Feb-2020
407,5e43e8ffffef84000809be3f,QNIFTY,EQ,N,1253.5,1253.5,1253.5,1253.5,1253.5,1248.0,2,2507.0,1406.0,1068.71,1,INF082J01028,2020-02-12,2020-02-11T18:30:00.000Z,2020-02-12T12:01:03.992Z,2020-02-12T12:01:03.992Z,0,1253.5,12-Feb-2020
408,5e453a616a25560008635fd4,QNIFTY,EQ,N,1253.0,1250.0,1253.0,1250.0,1250.0,1253.5,26,32555.0,1406.0,1068.71,3,INF082J01028,2020-02-13,2020-02-12T18:30:00.000Z,2020-02-13T12:00:33.942Z,2020-02-13T12:00:33.942Z,0,1252.12,13-Feb-2020
409,5e468bffe8dfc60008d8d725,QNIFTY,EQ,N,1256.0,1248.0,1256.0,1249.0,1249.0,1250.0,94,117572.0,1406.0,1068.71,11,INF082J01028,2020-02-14,2020-02-13T18:30:00.000Z,2020-02-14T12:01:03.277Z,2020-02-14T12:01:03.277Z,0,1250.77,14-Feb-2020
410,5e4a8065a9e763000816ec98,QNIFTY,EQ,N,1249.0,1243.0,1249.0,1243.0,1243.0,1249.0,5,6221.0,1406.0,1068.71,5,INF082J01028,2020-02-17,2020-02-16T18:30:00.000Z,2020-02-17T12:00:37.289Z,2020-02-17T12:00:37.289Z,0,1244.2,17-Feb-2020
411,5e4bd1feba0d8900085712f5,QNIFTY,EQ,N,1233.0,1227.5,1233.0,1229.76,1232.0,1243.0,34,41810.25,1406.0,1068.71,20,INF082J01028,2020-02-18,2020-02-17T18:30:00.000Z,2020-02-18T12:01:02.835Z,2020-02-18T12:01:02.835Z,0,1229.71,18-Feb-2020
412,5e53baff39d4590008a05c86,QNIFTY,EQ,N,1228.7,1219.5,1228.7,1219.87,1221.0,1229.76,72,88057.4,1406.0,1068.71,9,INF082J01028,2020-02-24,2020-02-23T18:30:00.000Z,2020-02-24T12:01:03.580Z,2020-02-24T12:01:03.580Z,0,1223.02,24-Feb-2020
413,5e550c624766bc00083dc75f,QNIFTY,EQ,N,1220.5,1219.0,1219.0,1220.5,1220.5,1219.87,11,13410.5,1406.0,1068.71,4,INF082J01028,2020-02-25,2020-02-24T18:30:00.000Z,2020-02-25T12:00:34.146Z,2020-02-25T12:00:34.146Z,0,1219.14,25-Feb-2020
414,5e565de35a6517000885b2c8,QNIFTY,EQ,N,1208.7,1199.0,1208.7,1199.0,1199.0,1220.5,4,4818.2,1406.0,1068.71,4,INF082J01028,2020-02-26,2020-02-25T18:30:00.000Z,2020-02-26T12:00:35.333Z,2020-02-26T12:00:35.333Z,0,1204.55,26-Feb-2020
415,5e57af63a6a62e00087805af,QNIFTY,EQ,N,1191.0,1188.0,1191.0,1188.7,1188.7,1199.0,5,5944.4,1406.0,1068.71,5,INF082J01028,2020-02-27,2020-02-26T18:30:00.000Z,2020-02-27T12:00:35.218Z,2020-02-27T12:00:35.218Z,0,1188.88,27-Feb-2020
416,5def88ffe7000d0008c6e10f,QNIFTY,EQ,N,1225.0,1221.0,1224.0,1225.0,1225.0,1224.5,31,37900.0,1296.0,880.9,4,INF082J01028,2019-12-10,2019-12-09T18:30:00.000Z,2019-12-10T12:01:03.337Z,2019-12-10T12:01:03.337Z,0,1222.58,10-Dec-2019
417,5df0da7f173f8f0008c5798c,QNIFTY,EQ,N,1219.0,1217.5,1219.0,1217.5,1217.5,1225.0,21,25583.0,1296.0,880.9,21,INF082J01028,2019-12-11,2019-12-10T18:30:00.000Z,2019-12-11T12:01:03.743Z,2019-12-11T12:01:03.743Z,0,1218.24,11-Dec-2019
418,5df37d7f95c8b10009441755,QNIFTY,EQ,N,1238.5,1236.0,1236.0,1238.5,1238.5,1217.5,6,7428.5,1296.0,880.9,2,INF082J01028,2019-12-13,2019-12-12T18:30:00.000Z,2019-12-13T12:01:03.270Z,2019-12-13T12:01:03.270Z,0,1238.08,13-Dec-2019
419,5df771ff673a0c0008d2d25d,QNIFTY,EQ,N,1243.0,1239.0,1241.5,1239.0,1239.0,1238.5,24,29797.0,1296.0,880.9,4,INF082J01028,2019-12-16,2019-12-15T18:30:00.000Z,2019-12-16T12:01:03.582Z,2019-12-16T12:01:03.582Z,0,1241.54,16-Dec-2019
420,5df8c37f68de3f00088eb956,QNIFTY,EQ,N,1244.5,1237.5,1240.5,1242.0,1242.0,1239.0,46,57067.0,1296.0,880.9,19,INF082J01028,2019-12-17,2019-12-16T18:30:00.000Z,2019-12-17T12:01:03.419Z,2019-12-17T12:01:03.419Z,0,1240.59,17-Dec-2019
421,5dfa14ffbda4b900080cbc8f,QNIFTY,EQ,N,1250.0,1249.0,1249.0,1250.0,1250.0,1242.0,11,13744.0,1296.0,880.9,3,INF082J01028,2019-12-18,2019-12-17T18:30:00.000Z,2019-12-18T12:01:03.293Z,2019-12-18T12:01:03.293Z,0,1249.45,18-Dec-2019
422,5dfb66639bc9a50008f1dc99,QNIFTY,EQ,N,1252.5,1252.5,1252.5,1252.5,1252.5,1250.0,2,2505.0,1296.0,880.9,1,INF082J01028,2019-12-19,2019-12-18T18:30:00.000Z,2019-12-19T12:00:35.650Z,2019-12-19T12:00:35.650Z,0,1252.5,19-Dec-2019
423,5dfcb7e30d5651000864522c,QNIFTY,EQ,N,1259.0,1256.0,1256.0,1259.0,1259.0,1252.5,7,8805.0,1296.0,880.9,3,INF082J01028,2019-12-20,2019-12-19T18:30:00.000Z,2019-12-20T12:00:35.111Z,2019-12-20T12:00:35.111Z,0,1257.86,20-Dec-2019
424,5e00ac7ffe98840008e7d80f,QNIFTY,EQ,N,1257.5,1255.0,1257.5,1257.48,1257.5,1259.0,525,660092.5,1296.0,880.9,30,INF082J01028,2019-12-23,2019-12-22T18:30:00.000Z,2019-12-23T12:01:03.500Z,2019-12-23T12:01:03.500Z,0,1257.32,23-Dec-2019
425,5e05f263f1221d0008ea62dc,QNIFTY,EQ,N,1266.0,1249.5,1266.0,1249.5,1249.5,1257.48,2,2515.5,1296.0,880.9,2,INF082J01028,2019-12-27,2019-12-26T18:30:00.000Z,2019-12-27T12:00:35.789Z,2019-12-27T12:00:35.789Z,0,1257.75,27-Dec-2019
426,5e132161ab77820008ef1150,QNIFTY,EQ,N,1240.0,1232.0,1240.0,1232.0,1232.0,1249.5,49,60477.7,1296.0,880.9,17,INF082J01028,2020-01-06,2020-01-05T18:30:00.000Z,2020-01-06T12:00:33.681Z,2020-01-06T12:00:33.681Z,0,1234.24,06-Jan-2020
427,5e1472e309e5d5000818f2bc,QNIFTY,EQ,N,1245.0,1237.5,1245.0,1237.5,1237.5,1232.0,25,31050.0,1296.0,880.9,21,INF082J01028,2020-01-07,2020-01-06T18:30:00.000Z,2020-01-07T12:00:35.704Z,2020-01-07T12:00:35.704Z,0,1242.0,07-Jan-2020
428,5e15c47fa590060008578640,QNIFTY,EQ,N,1230.0,1225.0,1230.0,1229.0,1229.0,1237.5,75,92145.0,1296.0,880.9,40,INF082J01028,2020-01-08,2020-01-07T18:30:00.000Z,2020-01-08T12:01:03.745Z,2020-01-08T12:01:03.745Z,0,1228.6,08-Jan-2020
429,5e1715e058fadb000853b1a1,QNIFTY,EQ,N,1247.0,1247.0,1247.0,1247.0,1247.0,1229.0,1,1247.0,1296.0,880.9,1,INF082J01028,2020-01-09,2020-01-08T18:30:00.000Z,2020-01-09T12:00:32.867Z,2020-01-09T12:00:32.867Z,0,1247.0,09-Jan-2020
430,5e18677f8ce1e80008628f8a,QNIFTY,EQ,N,1258.5,1258.5,1258.5,1258.5,1258.5,1247.0,1,1258.5,1296.0,880.9,1,INF082J01028,2020-01-10,2020-01-09T18:30:00.000Z,2020-01-10T12:01:03.735Z,2020-01-10T12:01:03.735Z,0,1258.5,10-Jan-2020
431,5e1c5be21810e200086e0e9f,QNIFTY,EQ,N,1264.5,1264.5,1264.5,1264.5,1264.5,1258.5,12,15174.0,1296.0,1068.71,2,INF082J01028,2020-01-13,2020-01-12T18:30:00.000Z,2020-01-13T12:00:34.168Z,2020-01-13T12:00:34.168Z,0,1264.5,13-Jan-2020
432,5e1dad7fdcdcd40008fc09f7,QNIFTY,EQ,N,1267.0,1266.0,1266.0,1267.0,1267.0,1264.5,2,2533.0,1296.0,1068.71,2,INF082J01028,2020-01-14,2020-01-13T18:30:00.000Z,2020-01-14T12:01:03.585Z,2020-01-14T12:01:03.585Z,0,1266.5,14-Jan-2020
433,5e1efee323a9bc00085db39c,QNIFTY,EQ,N,1264.0,1261.5,1262.5,1261.5,1261.5,1267.0,19,23988.5,1296.0,1068.71,3,INF082J01028,2020-01-15,2020-01-14T18:30:00.000Z,2020-01-15T12:00:35.868Z,2020-01-15T12:00:35.868Z,0,1262.55,15-Jan-2020
434,5e20507fa4665300085b91b1,QNIFTY,EQ,N,1270.0,1266.0,1266.0,1268.0,1268.0,1261.5,20,25376.0,1296.0,1068.71,4,INF082J01028,2020-01-16,2020-01-15T18:30:00.000Z,2020-01-16T12:01:03.293Z,2020-01-16T12:01:03.293Z,0,1268.8,16-Jan-2020
435,5e21a1e136099d0008e3d45f,QNIFTY,EQ,N,1269.5,1266.0,1266.0,1269.5,1269.5,1268.0,3,3805.0,1296.0,1068.71,3,INF082J01028,2020-01-17,2020-01-16T18:30:00.000Z,2020-01-17T12:00:33.366Z,2020-01-17T12:00:33.366Z,0,1268.33,17-Jan-2020
436,5db97b7fa6d3830008cacb07,QNIFTY,EQ,N,1216.0,1206.0,1206.0,1215.5,1215.5,1208.5,19,23043.5,1296.0,880.9,12,INF082J01028,2019-10-30,2019-10-29T18:30:00.000Z,2019-10-30T12:01:03.571Z,2019-10-30T12:01:03.571Z,0,1212.82,30-Oct-2019
437,5dbacd00865268000831c64f,QNIFTY,EQ,N,1220.5,1220.5,1220.5,1220.5,1220.5,1215.5,1,1220.5,1296.0,880.9,1,INF082J01028,2019-10-31,2019-10-30T18:30:00.000Z,2019-10-31T12:01:04.490Z,2019-10-31T12:01:04.490Z,0,1220.5,31-Oct-2019
438,5dc1647fc2584d0008e74f49,QNIFTY,EQ,N,1227.0,1222.5,1226.0,1225.5,1225.5,1220.5,26,31847.5,1296.0,880.9,24,INF082J01028,2019-11-05,2019-11-04T18:30:00.000Z,2019-11-05T12:01:03.918Z,2019-11-05T12:01:03.918Z,0,1224.9,05-Nov-2019
439,5dc2b5ff1e6b7b0008938e67,QNIFTY,EQ,N,1230.0,1220.5,1223.5,1230.0,1230.0,1225.5,37,45233.5,1296.0,880.9,5,INF082J01028,2019-11-06,2019-11-05T18:30:00.000Z,2019-11-06T12:01:03.625Z,2019-11-06T12:01:03.625Z,0,1222.53,06-Nov-2019
440,5dc558ff149abc00089a36dc,QNIFTY,EQ,N,1225.5,1225.5,1225.5,1225.5,1225.5,1230.0,9,11029.5,1296.0,880.9,9,INF082J01028,2019-11-08,2019-11-07T18:30:00.000Z,2019-11-08T12:01:03.892Z,2019-11-08T12:01:03.892Z,0,1225.5,08-Nov-2019
441,5dc94d7ff947870008360678,QNIFTY,EQ,N,1220.0,1218.5,1220.0,1218.5,1218.5,1225.5,4,4878.5,1296.0,880.9,3,INF082J01028,2019-11-11,2019-11-10T18:30:00.000Z,2019-11-11T12:01:03.635Z,2019-11-11T12:01:03.635Z,0,1219.63,11-Nov-2019
442,5dcbf07e09bcd5000806928b,QNIFTY,EQ,N,1223.0,1216.0,1223.0,1216.5,1216.0,1218.5,59,71902.0,1296.0,880.9,9,INF082J01028,2019-11-13,2019-11-12T18:30:00.000Z,2019-11-13T12:01:02.951Z,2019-11-13T12:01:02.951Z,0,1218.68,13-Nov-2019
443,5dce937fc788bb000842b0ad,QNIFTY,EQ,N,1224.0,1222.0,1222.0,1223.6,1223.5,1216.5,25,30573.5,1296.0,880.9,4,INF082J01028,2019-11-15,2019-11-14T18:30:00.000Z,2019-11-15T12:01:03.581Z,2019-11-15T12:01:03.581Z,0,1222.94,15-Nov-2019
444,5dd287e22711c60008ee25dc,QNIFTY,EQ,N,1220.5,1220.5,1220.5,1220.5,1220.5,1223.6,10,12205.0,1296.0,880.9,2,INF082J01028,2019-11-18,2019-11-17T18:30:00.000Z,2019-11-18T12:00:34.179Z,2019-11-18T12:00:34.179Z,0,1220.5,18-Nov-2019
445,5dd52ae176ea300008cbe324,QNIFTY,EQ,N,1233.0,1229.0,1231.5,1229.0,1229.0,1220.5,38,46788.2,1296.0,880.9,9,INF082J01028,2019-11-20,2019-11-19T18:30:00.000Z,2019-11-20T12:00:33.781Z,2019-11-20T12:00:33.781Z,0,1231.27,20-Nov-2019
446,5dd7cde1e393f400086fc6c7,QNIFTY,EQ,N,1225.0,1223.5,1223.5,1224.0,1223.5,1229.0,27,33045.0,1296.0,880.9,4,INF082J01028,2019-11-22,2019-11-21T18:30:00.000Z,2019-11-22T12:00:33.170Z,2019-11-22T12:00:33.170Z,0,1223.89,22-Nov-2019
447,5ddbc27f5b5f1e0008a2b22d,QNIFTY,EQ,N,1236.5,1222.5,1227.0,1236.5,1236.5,1224.0,97,119201.0,1296.0,880.9,39,INF082J01028,2019-11-25,2019-11-24T18:30:00.000Z,2019-11-25T12:01:03.613Z,2019-11-25T12:01:03.613Z,0,1228.88,25-Nov-2019
448,5ddd13ffca03a80009b75dd1,QNIFTY,EQ,N,1242.0,1235.0,1242.0,1235.0,1235.0,1236.5,1605,1982220.0,1296.0,880.9,57,INF082J01028,2019-11-26,2019-11-25T18:30:00.000Z,2019-11-26T12:01:03.741Z,2019-11-26T12:01:03.741Z,0,1235.03,26-Nov-2019
449,5dde657f640e900008bf9cd9,QNIFTY,EQ,N,1241.0,1240.0,1241.0,1240.0,1240.0,1235.0,9,11165.0,1296.0,880.9,2,INF082J01028,2019-11-27,2019-11-26T18:30:00.000Z,2019-11-27T12:01:03.348Z,2019-11-27T12:01:03.348Z,0,1240.56,27-Nov-2019
450,5de108614c2b4100088046e8,QNIFTY,EQ,N,1235.5,1235.5,1235.5,1235.5,1235.5,1240.0,4,4942.0,1296.0,880.9,1,INF082J01028,2019-11-29,2019-11-28T18:30:00.000Z,2019-11-29T12:00:33.621Z,2019-11-29T12:00:33.621Z,0,1235.5,29-Nov-2019
451,5de79ffe640e900008bfd2e2,QNIFTY,EQ,N,1230.0,1226.5,1228.5,1226.5,1226.5,1235.5,29,35605.5,1296.0,880.9,29,INF082J01028,2019-12-04,2019-12-03T18:30:00.000Z,2019-12-04T12:01:02.989Z,2019-12-04T12:01:02.989Z,0,1227.78,04-Dec-2019
452,5de8f16193ae890008a4a920,QNIFTY,EQ,N,1238.0,1237.0,1237.0,1238.0,1238.0,1226.5,4,4951.0,1296.0,880.9,2,INF082J01028,2019-12-05,2019-12-04T18:30:00.000Z,2019-12-05T12:00:33.711Z,2019-12-05T12:00:33.711Z,0,1237.75,05-Dec-2019
453,5dea42ff643d80000872c7cb,QNIFTY,EQ,N,1229.0,1224.5,1229.0,1224.5,1224.5,1238.0,11,13481.5,1296.0,880.9,3,INF082J01028,2019-12-06,2019-12-05T18:30:00.000Z,2019-12-06T12:01:03.619Z,2019-12-06T12:01:03.619Z,0,1225.59,06-Dec-2019
