,_id,CH_SYMBOL,CH_SERIES,CH_MARKET_TYPE,CH_TRADE_HIGH_PRICE,CH_TRADE_LOW_PRICE,CH_OPENING_PRICE,CH_CLOSING_PRICE,CH_LAST_TRADED_PRICE,CH_PREVIOUS_CLS_PRICE,CH_TOT_TRADED_QTY,CH_TOT_TRADED_VAL,CH_52WEEK_HIGH_PRICE,CH_52WEEK_LOW_PRICE,CH_TOTAL_TRADES,CH_ISIN,CH_TIMESTAMP,TIMESTAMP,createdAt,updatedAt,__v,VWAP,mTIMESTAMP,CA
0,616eb37e2137b10008e72dec,QUESS,EQ,N,948.3,901.7,945.0,910.45,912.0,939.35,105537,97130606.9,989.9,364.0,8988,INE615P01015,2021-10-19,2021-10-18T18:30:00.000Z,2021-10-19T12:01:02.453Z,2021-10-19T12:01:02.453Z,0,920.35,19-Oct-2021,
1,61700beaffea140009a3990c,QUESS,EQ,N,916.95,853.35,910.45,875.95,890.0,910.45,135328,120698038.3,989.9,364.0,14021,INE615P01015,2021-10-20,2021-10-19T18:30:00.000Z,2021-10-20T12:30:34.784Z,2021-10-20T12:30:34.784Z,0,891.89,20-Oct-2021,
2,61715661facf5c0008bb15ac,QUESS,EQ,N,915.9,866.0,875.0,896.55,892.0,875.95,124319,110880427.25,989.9,364.0,8386,INE615P01015,2021-10-21,2021-10-20T18:30:00.000Z,2021-10-21T12:00:33.657Z,2021-10-21T12:00:33.657Z,0,891.9,21-Oct-2021,
3,6172a8012dc18f00080fe09f,QUESS,EQ,N,905.05,877.55,897.0,890.9,890.95,896.55,86523,77523136.3,989.9,364.0,9331,INE615P01015,2021-10-22,2021-10-21T18:30:00.000Z,2021-10-22T12:01:05.371Z,2021-10-22T12:01:05.371Z,0,895.98,22-Oct-2021,
4,61769c5cdb443b0008c8e478,QUESS,EQ,N,951.0,880.8,890.0,942.05,948.8,890.9,306567,281771500.8,989.9,364.0,22283,INE615P01015,2021-10-25,2021-10-24T18:30:00.000Z,2021-10-25T12:00:28.032Z,2021-10-25T12:00:28.032Z,0,919.12,25-Oct-2021,
5,6177edff2ed3fb00087deabf,QUESS,EQ,N,951.0,920.45,949.95,935.75,936.05,942.05,163561,153044217.45,989.9,364.0,17305,INE615P01015,2021-10-26,2021-10-25T18:30:00.000Z,2021-10-26T12:01:03.210Z,2021-10-26T12:01:03.210Z,0,935.7,26-Oct-2021,
6,61793f847220a800093c66ea,QUESS,EQ,N,943.0,910.0,943.0,914.8,911.0,935.75,49143,45269979.0,989.9,364.0,5708,INE615P01015,2021-10-27,2021-10-26T18:30:00.000Z,2021-10-27T12:01:08.420Z,2021-10-27T12:01:08.420Z,0,921.19,27-Oct-2021,
7,617a90e2b698860008b70736,QUESS,EQ,N,919.2,874.9,910.0,880.55,877.0,914.8,55532,49591069.5,989.9,364.0,6277,INE615P01015,2021-10-28,2021-10-27T18:30:00.000Z,2021-10-28T12:00:34.909Z,2021-10-28T12:00:34.909Z,0,893.02,28-Oct-2021,
8,6139f7679241480008a1a64e,QUESS,EQ,N,884.5,855.0,866.95,869.8,872.8,862.1,182204,158672694.2,926.0,364.0,16799,INE615P01015,2021-09-09,2021-09-08T18:30:00.000Z,2021-09-09T12:00:39.402Z,2021-09-09T12:00:39.402Z,0,870.85,09-Sep-2021,
9,613f3d5b66f15f0008394435,QUESS,EQ,N,874.7,841.0,874.7,845.6,851.0,869.8,101736,86639706.7,926.0,364.0,7316,INE615P01015,2021-09-13,2021-09-12T18:30:00.000Z,2021-09-13T12:00:27.874Z,2021-09-13T12:00:27.874Z,0,851.61,13-Sep-2021,"[{'symbol': 'QUESS', 'series': 'EQ', 'ind': '-', 'faceVal': '10', 'subject': ' Annual General Meeting', 'exDate': '13-Sep-2021', 'recDate': '-', 'bcStartDate': '15-Sep-2021', 'bcEndDate': '21-Sep-2021', 'ndStartDate': '-', 'comp': 'Quess Corp Limited', 'isin': 'INE615P01015', 'ndEndDate': '-', 'caBroadcastDate': None}]"
10,61408f008b051b0009544e86,QUESS,EQ,N,890.0,848.0,853.85,865.65,860.3,845.6,485882,425751026.4,926.0,364.0,11071,INE615P01015,2021-09-14,2021-09-13T18:30:00.000Z,2021-09-14T12:01:04.481Z,2021-09-14T12:01:04.481Z,0,876.24,14-Sep-2021,
11,6141e06352f3510008866b5c,QUESS,EQ,N,924.8,861.45,864.95,907.6,901.0,865.65,466283,421313512.45,926.0,364.0,30211,INE615P01015,2021-09-15,2021-09-14T18:30:00.000Z,2021-09-15T12:00:35.066Z,2021-09-15T12:00:35.066Z,0,903.56,15-Sep-2021,
12,614331db4189570008859833,QUESS,EQ,N,958.95,908.9,909.0,950.6,950.0,907.6,960446,905068100.45,958.95,364.0,102795,INE615P01015,2021-09-16,2021-09-15T18:30:00.000Z,2021-09-16T12:00:27.953Z,2021-09-16T12:00:27.953Z,0,942.34,16-Sep-2021,
13,6144837e7f66a40008755189,QUESS,EQ,N,989.9,938.2,970.3,972.2,973.0,950.6,613230,590442392.95,989.9,364.0,48975,INE615P01015,2021-09-17,2021-09-16T18:30:00.000Z,2021-09-17T12:01:02.713Z,2021-09-17T12:01:02.713Z,0,962.84,17-Sep-2021,
14,614877e3e0fcf60008e51151,QUESS,EQ,N,979.9,913.95,967.9,941.05,947.0,972.2,448991,424896217.75,989.9,364.0,27396,INE615P01015,2021-09-20,2021-09-19T18:30:00.000Z,2021-09-20T12:00:35.201Z,2021-09-20T12:00:35.201Z,0,946.34,20-Sep-2021,
15,6149c97ebf6def0009839b30,QUESS,EQ,N,979.0,942.25,945.0,960.9,960.05,941.05,371280,357724473.9,989.9,364.0,26602,INE615P01015,2021-09-21,2021-09-20T18:30:00.000Z,2021-09-21T12:01:02.765Z,2021-09-21T12:01:02.765Z,0,963.49,21-Sep-2021,
16,614b1afdf6172a0008df400b,QUESS,EQ,N,981.8,953.35,965.9,959.65,958.0,960.9,136288,131627555.45,989.9,364.0,12047,INE615P01015,2021-09-22,2021-09-21T18:30:00.000Z,2021-09-22T12:01:02.033Z,2021-09-22T12:01:02.033Z,0,965.8,22-Sep-2021,
17,614c6c63a3bb370008f0feba,QUESS,EQ,N,970.0,929.0,966.0,933.0,929.0,959.65,137632,129688518.0,989.9,364.0,11353,INE615P01015,2021-09-23,2021-09-22T18:30:00.000Z,2021-09-23T12:00:35.388Z,2021-09-23T12:00:35.388Z,0,942.28,23-Sep-2021,
18,614dbde185b9910009314311,QUESS,EQ,N,950.0,911.4,936.0,915.65,915.75,933.0,95110,88167893.05,989.9,364.0,6150,INE615P01015,2021-09-24,2021-09-23T18:30:00.000Z,2021-09-24T12:00:33.211Z,2021-09-24T12:00:33.211Z,0,927.01,24-Sep-2021,
19,6151b27ec3f15b0008afe1ae,QUESS,EQ,N,943.85,921.5,926.45,934.25,936.0,915.65,175422,163851600.4,989.9,364.0,8372,INE615P01015,2021-09-27,2021-09-26T18:30:00.000Z,2021-09-27T12:01:02.419Z,2021-09-27T12:01:02.419Z,0,934.04,27-Sep-2021,
20,615304064a501f0008b25805,QUESS,EQ,N,939.7,911.15,939.7,919.6,921.9,934.25,170544,157049136.45,989.9,364.0,14579,INE615P01015,2021-09-28,2021-09-27T18:30:00.000Z,2021-09-28T12:01:10.268Z,2021-09-28T12:01:10.268Z,0,920.87,28-Sep-2021,
21,6154557e4a501f0008e4c99f,QUESS,EQ,N,914.0,894.1,910.1,906.5,913.6,919.6,145024,131145207.75,989.9,364.0,15546,INE615P01015,2021-09-29,2021-09-28T18:30:00.000Z,2021-09-29T12:01:02.671Z,2021-09-29T12:01:02.671Z,0,904.3,29-Sep-2021,
22,6155a6ff59568200081762b7,QUESS,EQ,N,940.0,904.2,914.6,916.2,915.0,906.5,568720,524623473.5,989.9,364.0,6442,INE615P01015,2021-09-30,2021-09-29T18:30:00.000Z,2021-09-30T12:01:03.044Z,2021-09-30T12:01:03.044Z,0,922.46,30-Sep-2021,
23,6156f85b00c38500086c2c1d,QUESS,EQ,N,929.5,913.4,918.8,924.3,924.55,916.2,71869,66463757.05,989.9,364.0,10723,INE615P01015,2021-10-01,2021-09-30T18:30:00.000Z,2021-10-01T12:00:27.942Z,2021-10-01T12:00:27.942Z,0,924.79,01-Oct-2021,
24,615aecfe00c38500088df85c,QUESS,EQ,N,951.2,928.0,930.0,948.85,951.2,924.3,199752,188176697.15,989.9,364.0,41586,INE615P01015,2021-10-04,2021-10-03T18:30:00.000Z,2021-10-04T12:01:02.765Z,2021-10-04T12:01:02.765Z,0,942.05,04-Oct-2021,
25,615c3e641728530008f0ab44,QUESS,EQ,N,951.55,922.0,949.65,926.85,930.0,948.85,83809,78186148.6,989.9,364.0,12167,INE615P01015,2021-10-05,2021-10-04T18:30:00.000Z,2021-10-05T12:00:36.523Z,2021-10-05T12:00:36.523Z,0,932.91,05-Oct-2021,
26,615d8fe17c2c3b00089ffc46,QUESS,EQ,N,939.0,908.0,929.9,914.45,911.0,926.85,82830,76462986.75,989.9,364.0,10927,INE615P01015,2021-10-06,2021-10-05T18:30:00.000Z,2021-10-06T12:00:33.320Z,2021-10-06T12:00:33.320Z,0,923.13,06-Oct-2021,
27,615ee160c7aa980008977db0,QUESS,EQ,N,934.0,905.1,916.0,924.2,925.0,914.45,142561,130853488.0,989.9,364.0,14428,INE615P01015,2021-10-07,2021-10-06T18:30:00.000Z,2021-10-07T12:00:32.793Z,2021-10-07T12:00:32.793Z,0,917.88,07-Oct-2021,
28,616032fd31c1ce0008caff8d,QUESS,EQ,N,956.9,915.4,924.2,929.8,936.0,924.2,370613,348130629.0,989.9,364.0,34615,INE615P01015,2021-10-08,2021-10-07T18:30:00.000Z,2021-10-08T12:01:01.764Z,2021-10-08T12:01:01.764Z,0,939.34,08-Oct-2021,
29,61644a8a1ffdf40008ba3ae5,QUESS,EQ,N,941.8,915.5,938.35,922.35,928.0,929.8,82843,76922138.8,989.9,364.0,10361,INE615P01015,2021-10-11,2021-10-10T18:30:00.000Z,2021-10-11T14:30:34.541Z,2021-10-11T14:30:34.541Z,0,928.53,11-Oct-2021,
30,616578fd60745c000893709d,QUESS,EQ,N,928.85,895.0,924.9,906.05,910.4,922.35,206453,187801463.8,989.9,364.0,12532,INE615P01015,2021-10-12,2021-10-11T18:30:00.000Z,2021-10-12T12:01:01.956Z,2021-10-12T12:01:01.956Z,0,909.66,12-Oct-2021,
31,6166ca6473e7b00008258a82,QUESS,EQ,N,918.3,896.1,913.4,908.25,901.0,906.05,63214,57344533.15,989.9,364.0,5948,INE615P01015,2021-10-13,2021-10-12T18:30:00.000Z,2021-10-13T12:00:36.426Z,2021-10-13T12:00:36.426Z,0,907.15,13-Oct-2021,
32,61681bfe03a7b2000873dde1,QUESS,EQ,N,940.4,906.0,908.0,926.7,926.1,908.25,106660,98762096.4,989.9,364.0,15951,INE615P01015,2021-10-14,2021-10-13T18:30:00.000Z,2021-10-14T12:01:02.675Z,2021-10-14T12:01:02.675Z,0,925.95,14-Oct-2021,
33,616d61e081039a0008f75f92,QUESS,EQ,N,944.9,914.7,936.4,939.35,934.3,926.7,89694,83563761.2,989.9,364.0,10139,INE615P01015,2021-10-18,2021-10-17T18:30:00.000Z,2021-10-18T12:00:32.172Z,2021-10-18T12:00:32.172Z,0,931.65,18-Oct-2021,
34,616eb37e2137b10008e72dec,QUESS,EQ,N,948.3,901.7,945.0,910.45,912.0,939.35,105537,97130606.9,989.9,364.0,8988,INE615P01015,2021-10-19,2021-10-18T18:30:00.000Z,2021-10-19T12:01:02.453Z,2021-10-19T12:01:02.453Z,0,920.35,19-Oct-2021,
35,6107de7e4c6c270008f216d5,QUESS,EQ,N,894.25,871.7,883.3,881.75,882.0,869.35,466327,411326322.65,894.25,348.05,36368,INE615P01015,2021-08-02,2021-08-01T18:30:00.000Z,2021-08-02T12:01:02.807Z,2021-08-02T12:01:02.807Z,0,882.06,02-Aug-2021,
36,61092fe2ddfad700096fd806,QUESS,EQ,N,926.0,850.25,886.4,880.6,877.0,881.75,282869,248312383.95,926.0,348.05,23313,INE615P01015,2021-08-03,2021-08-02T18:30:00.000Z,2021-08-03T12:00:34.138Z,2021-08-03T12:00:34.138Z,0,877.84,03-Aug-2021,
37,610a815cddfad70009998d15,QUESS,EQ,N,895.0,865.05,883.0,889.5,888.7,880.6,334922,295523109.85,926.0,348.05,20983,INE615P01015,2021-08-04,2021-08-03T18:30:00.000Z,2021-08-04T12:00:28.444Z,2021-08-04T12:00:28.444Z,0,882.36,04-Aug-2021,
38,610bd300c5cd9d000859214d,QUESS,EQ,N,920.0,839.6,895.0,854.7,854.0,889.5,777359,696167147.15,926.0,348.05,38850,INE615P01015,2021-08-05,2021-08-04T18:30:00.000Z,2021-08-05T12:01:04.520Z,2021-08-05T12:01:04.520Z,0,895.55,05-Aug-2021,
39,610d24621ad12f0009efa79e,QUESS,EQ,N,890.0,824.3,854.7,876.8,871.0,854.7,347893,301078777.2,926.0,348.05,21442,INE615P01015,2021-08-06,2021-08-05T18:30:00.000Z,2021-08-06T12:00:34.195Z,2021-08-06T12:00:34.195Z,0,865.43,06-Aug-2021,
40,611118e14df23100084ea7a8,QUESS,EQ,N,885.5,852.2,874.5,860.25,861.0,876.8,257709,223250387.1,926.0,350.0,15926,INE615P01015,2021-08-09,2021-08-08T18:30:00.000Z,2021-08-09T12:00:33.479Z,2021-08-09T12:00:33.479Z,0,866.29,09-Aug-2021,
41,61126a63cce4c40008592e26,QUESS,EQ,N,867.95,841.05,864.65,849.35,845.0,860.25,220944,188355699.1,926.0,350.0,7423,INE615P01015,2021-08-10,2021-08-09T18:30:00.000Z,2021-08-10T12:00:35.155Z,2021-08-10T12:00:35.155Z,0,852.5,10-Aug-2021,
42,6113bbdb3759be0008111fbe,QUESS,EQ,N,855.4,805.0,855.4,822.0,834.0,849.35,237583,193724525.65,926.0,350.0,21287,INE615P01015,2021-08-11,2021-08-10T18:30:00.000Z,2021-08-11T12:00:27.727Z,2021-08-11T12:00:27.727Z,0,815.4,11-Aug-2021,
43,61150d61ea5aa20008b5eba8,QUESS,EQ,N,867.0,828.9,828.95,863.3,865.0,822.0,307844,264231614.75,926.0,350.0,22789,INE615P01015,2021-08-12,2021-08-11T18:30:00.000Z,2021-08-12T12:00:33.804Z,2021-08-12T12:00:33.804Z,0,858.33,12-Aug-2021,
44,61165ee35fd7730008dabba0,QUESS,EQ,N,879.0,850.0,866.9,858.7,850.0,863.3,649972,562952484.15,926.0,350.0,8780,INE615P01015,2021-08-13,2021-08-12T18:30:00.000Z,2021-08-13T12:00:35.859Z,2021-08-13T12:00:35.859Z,0,866.12,13-Aug-2021,
45,611a5361cce4c4000835bee7,QUESS,EQ,N,870.0,836.4,858.0,847.6,838.0,858.7,438894,379015834.1,926.0,350.0,14521,INE615P01015,2021-08-16,2021-08-15T18:30:00.000Z,2021-08-16T12:00:33.363Z,2021-08-16T12:00:33.363Z,0,863.57,16-Aug-2021,
46,611ba500cce4c4000862a8f8,QUESS,EQ,N,856.1,821.5,842.95,827.1,824.0,847.6,90393,75862039.95,926.0,350.0,5813,INE615P01015,2021-08-17,2021-08-16T18:30:00.000Z,2021-08-17T12:01:04.888Z,2021-08-17T12:01:04.888Z,0,839.25,17-Aug-2021,
47,611cf663913015000809b629,QUESS,EQ,N,839.35,820.25,828.6,824.7,822.0,827.1,145203,120349466.7,926.0,350.0,7904,INE615P01015,2021-08-18,2021-08-17T18:30:00.000Z,2021-08-18T12:00:35.556Z,2021-08-18T12:00:35.556Z,0,828.84,18-Aug-2021,
48,611f9961d448d000082abc9c,QUESS,EQ,N,830.4,811.0,816.5,822.25,821.05,824.7,169061,138608656.65,926.0,350.0,8733,INE615P01015,2021-08-20,2021-08-19T18:30:00.000Z,2021-08-20T12:00:33.614Z,2021-08-20T12:00:33.614Z,0,819.87,20-Aug-2021,
49,61238de18095fa0008ef22b6,QUESS,EQ,N,832.9,805.0,829.4,814.75,806.15,822.25,211848,173220867.45,926.0,350.0,6027,INE615P01015,2021-08-23,2021-08-22T18:30:00.000Z,2021-08-23T12:00:33.661Z,2021-08-23T12:00:33.661Z,0,817.67,23-Aug-2021,
50,6124df7fa939250008519727,QUESS,EQ,N,830.0,795.05,805.5,822.1,820.05,814.75,80455,65627008.25,926.0,350.0,6405,INE615P01015,2021-08-24,2021-08-23T18:30:00.000Z,2021-08-24T12:01:03.244Z,2021-08-24T12:01:03.244Z,0,815.7,24-Aug-2021,
51,612630db2596f300080586c0,QUESS,EQ,N,842.0,819.0,826.75,832.4,834.0,822.1,61751,51125100.55,926.0,350.0,5795,INE615P01015,2021-08-25,2021-08-24T18:30:00.000Z,2021-08-25T12:00:27.531Z,2021-08-25T12:00:27.531Z,0,827.92,25-Aug-2021,
52,612782652596f30008058fec,QUESS,EQ,N,848.0,827.05,837.7,829.8,830.0,832.4,310121,258845108.5,926.0,350.0,4695,INE615P01015,2021-08-26,2021-08-25T18:30:00.000Z,2021-08-26T12:00:37.265Z,2021-08-26T12:00:37.265Z,0,834.66,26-Aug-2021,
53,6128d3fe91221d0009d5a99b,QUESS,EQ,N,845.0,826.1,839.0,839.3,833.0,829.8,51425,43092732.0,926.0,350.0,3719,INE615P01015,2021-08-27,2021-08-26T18:30:00.000Z,2021-08-27T12:01:02.723Z,2021-08-27T12:01:02.723Z,0,837.97,27-Aug-2021,
54,612cc863f99d720008a94ad0,QUESS,EQ,N,859.0,835.55,844.65,844.6,838.8,839.3,86172,73081271.15,926.0,350.0,5503,INE615P01015,2021-08-30,2021-08-29T18:30:00.000Z,2021-08-30T12:00:35.299Z,2021-08-30T12:00:35.299Z,0,848.09,30-Aug-2021,
55,612e19dbeb0c130008138549,QUESS,EQ,N,857.35,837.1,844.0,846.85,846.9,844.6,128688,109376350.55,926.0,350.0,8607,INE615P01015,2021-08-31,2021-08-30T18:30:00.000Z,2021-08-31T12:00:27.973Z,2021-08-31T12:00:27.973Z,0,849.93,31-Aug-2021,
56,612f6b61fca57e0008dc50c3,QUESS,EQ,N,876.65,841.95,848.85,848.75,849.15,846.85,201604,173045525.6,926.0,350.0,11399,INE615P01015,2021-09-01,2021-08-31T18:30:00.000Z,2021-09-01T12:00:33.835Z,2021-09-01T12:00:33.835Z,0,858.34,01-Sep-2021,
57,6130bcddadef1200085043e7,QUESS,EQ,N,859.05,838.0,853.9,842.15,842.0,848.75,52314,44329220.3,926.0,350.0,4599,INE615P01015,2021-09-02,2021-09-01T18:30:00.000Z,2021-09-02T12:00:29.592Z,2021-09-02T12:00:29.592Z,0,847.37,02-Sep-2021,
58,61320e7e4f4d7600089d8caa,QUESS,EQ,N,851.9,829.0,845.0,842.45,844.85,842.15,67496,56767994.95,926.0,350.0,3894,INE615P01015,2021-09-03,2021-09-02T18:30:00.000Z,2021-09-03T12:01:03.014Z,2021-09-03T12:01:03.014Z,0,841.06,03-Sep-2021,
59,613602e366f15f00089e8fd9,QUESS,EQ,N,859.15,833.85,847.9,836.3,836.0,842.45,71146,59941003.75,926.0,364.0,4896,INE615P01015,2021-09-06,2021-09-05T18:30:00.000Z,2021-09-06T12:00:35.174Z,2021-09-06T12:00:35.174Z,0,842.51,06-Sep-2021,
60,6137547eeb333d0008c0ed2c,QUESS,EQ,N,849.7,827.45,834.0,831.3,834.0,836.3,98578,82357227.9,926.0,364.0,4752,INE615P01015,2021-09-07,2021-09-06T18:30:00.000Z,2021-09-07T12:01:02.631Z,2021-09-07T12:01:02.631Z,0,835.45,07-Sep-2021,
61,6138a5db5a558200095d33be,QUESS,EQ,N,866.4,833.2,834.0,862.1,865.0,831.3,531770,453636470.85,926.0,364.0,20569,INE615P01015,2021-09-08,2021-09-07T18:30:00.000Z,2021-09-08T12:00:27.996Z,2021-09-08T12:00:27.996Z,0,853.07,08-Sep-2021,
62,6139f7679241480008a1a64e,QUESS,EQ,N,884.5,855.0,866.95,869.8,872.8,862.1,182204,158672694.2,926.0,364.0,16799,INE615P01015,2021-09-09,2021-09-08T18:30:00.000Z,2021-09-09T12:00:39.402Z,2021-09-09T12:00:39.402Z,0,870.85,09-Sep-2021,
63,60d07f80b6df770008f304a1,QUESS,EQ,N,874.95,832.65,871.0,848.1,840.0,869.25,422723,364235778.35,887.9,306.55,40417,INE615P01015,2021-06-21,2021-06-20T18:30:00.000Z,2021-06-21T12:01:04.745Z,2021-06-21T12:01:04.745Z,0,861.64,21-Jun-2021,
64,60d1d0e29d5cc500087071b5,QUESS,EQ,N,852.05,820.25,845.7,823.05,825.9,848.1,298854,249164134.35,887.9,306.55,15898,INE615P01015,2021-06-22,2021-06-21T18:30:00.000Z,2021-06-22T12:00:34.854Z,2021-06-22T12:00:34.854Z,0,833.73,22-Jun-2021,
65,60d3227e09721b000810129e,QUESS,EQ,N,837.95,809.7,825.0,810.5,814.7,823.05,233147,190848062.5,887.9,306.55,9996,INE615P01015,2021-06-23,2021-06-22T18:30:00.000Z,2021-06-23T12:01:02.696Z,2021-06-23T12:01:02.696Z,0,818.57,23-Jun-2021,
66,60d473e3b6726400082d85f7,QUESS,EQ,N,850.8,812.35,815.0,827.8,829.0,810.5,85765,71121240.3,887.9,306.55,8181,INE615P01015,2021-06-24,2021-06-23T18:30:00.000Z,2021-06-24T12:00:35.307Z,2021-06-24T12:00:35.307Z,0,829.26,24-Jun-2021,
67,60d5c560761eef0008b83400,QUESS,EQ,N,843.0,820.85,832.85,826.2,824.0,827.8,38792,32186144.85,887.9,306.55,3687,INE615P01015,2021-06-25,2021-06-24T18:30:00.000Z,2021-06-25T12:00:32.988Z,2021-06-25T12:00:32.988Z,0,829.71,25-Jun-2021,
68,60d9b9dd758776000816a62a,QUESS,EQ,N,849.9,806.7,830.95,840.95,840.0,826.2,80258,66900255.2,887.9,306.55,5081,INE615P01015,2021-06-28,2021-06-27T18:30:00.000Z,2021-06-28T12:00:29.805Z,2021-06-28T12:00:29.805Z,0,833.56,28-Jun-2021,
69,60db0b609d5cc500086132c5,QUESS,EQ,N,846.0,822.0,845.65,825.95,826.05,840.95,186668,155350816.45,887.9,306.55,9401,INE615P01015,2021-06-29,2021-06-28T18:30:00.000Z,2021-06-29T12:00:32.708Z,2021-06-29T12:00:32.708Z,0,832.23,29-Jun-2021,
70,60dc5cdc7f32fd0009386c0a,QUESS,EQ,N,837.8,812.0,833.25,817.95,817.85,825.95,46021,37940143.5,887.9,306.55,5883,INE615P01015,2021-06-30,2021-06-29T18:30:00.000Z,2021-06-30T12:00:28.189Z,2021-06-30T12:00:28.189Z,0,824.41,30-Jun-2021,
71,60ddae6115ea3f0008fe51c1,QUESS,EQ,N,834.0,810.95,818.1,820.0,821.95,817.95,60833,49926935.9,887.9,306.55,8873,INE615P01015,2021-07-01,2021-06-30T18:30:00.000Z,2021-07-01T12:00:33.568Z,2021-07-01T12:00:33.568Z,0,820.72,01-Jul-2021,
72,60deffe3f20fbd0009ce60cf,QUESS,EQ,N,827.0,799.0,824.55,804.2,800.0,820.0,288211,234099547.75,887.9,306.55,12468,INE615P01015,2021-07-02,2021-07-01T18:30:00.000Z,2021-07-02T12:00:35.048Z,2021-07-02T12:00:35.048Z,0,812.25,02-Jul-2021,
73,60e2f461d502fe0008ce98cb,QUESS,EQ,N,828.8,803.5,805.0,808.6,810.1,804.2,99107,80847081.3,887.9,306.55,7381,INE615P01015,2021-07-05,2021-07-04T18:30:00.000Z,2021-07-05T12:00:33.108Z,2021-07-05T12:00:33.108Z,0,815.76,05-Jul-2021,
74,60e445e3d77ada00087bcf53,QUESS,EQ,N,832.9,792.2,816.0,800.15,803.0,808.6,86748,70753174.3,887.9,306.55,5656,INE615P01015,2021-07-06,2021-07-05T18:30:00.000Z,2021-07-06T12:00:35.220Z,2021-07-06T12:00:35.220Z,0,815.62,06-Jul-2021,
75,60e5976225a08e00087c0a06,QUESS,EQ,N,813.0,798.9,801.0,808.3,808.0,800.15,44241,35715858.85,887.9,306.55,3324,INE615P01015,2021-07-07,2021-07-06T18:30:00.000Z,2021-07-07T12:00:34.699Z,2021-07-07T12:00:34.699Z,0,807.3,07-Jul-2021,
76,60e6e8e16972b0000896ef73,QUESS,EQ,N,815.0,801.1,815.0,807.0,808.0,808.3,49608,40083585.0,887.9,306.55,5829,INE615P01015,2021-07-08,2021-07-07T18:30:00.000Z,2021-07-08T12:00:33.225Z,2021-07-08T12:00:33.225Z,0,808.01,08-Jul-2021,
77,60e83a84b37c0d00083975a6,QUESS,EQ,N,829.25,800.85,809.0,813.1,816.85,807.0,111090,89970611.95,887.9,306.55,12134,INE615P01015,2021-07-09,2021-07-08T18:30:00.000Z,2021-07-09T12:01:08.722Z,2021-07-09T12:01:08.722Z,0,809.89,09-Jul-2021,
78,60ec2edb4341d20008421d65,QUESS,EQ,N,831.45,803.2,830.0,808.4,808.0,813.1,109006,89698906.9,887.9,306.55,8020,INE615P01015,2021-07-12,2021-07-11T18:30:00.000Z,2021-07-12T12:00:27.290Z,2021-07-12T12:00:27.290Z,0,822.88,12-Jul-2021,
79,60ed80601c0e4d00085119f6,QUESS,EQ,N,824.95,799.55,815.95,805.15,800.0,808.4,65078,52576947.5,887.9,306.55,5926,INE615P01015,2021-07-13,2021-07-12T18:30:00.000Z,2021-07-13T12:00:32.740Z,2021-07-13T12:00:32.740Z,0,807.91,13-Jul-2021,
80,60eed1ff3872ec0008fc0325,QUESS,EQ,N,799.9,745.55,795.0,758.95,756.95,805.15,1660163,1261754815.85,887.9,306.55,102325,INE615P01015,2021-07-14,2021-07-13T18:30:00.000Z,2021-07-14T12:01:03.038Z,2021-07-14T12:01:03.038Z,0,760.02,14-Jul-2021,
81,60f02381cc96fb000856e51c,QUESS,EQ,N,765.5,736.0,755.0,743.35,739.0,758.95,804451,601391495.65,887.9,306.55,28618,INE615P01015,2021-07-15,2021-07-14T18:30:00.000Z,2021-07-15T12:01:05.776Z,2021-07-15T12:01:05.776Z,0,747.58,15-Jul-2021,
82,60f17500cc96fb00089bf0b1,QUESS,EQ,N,785.0,736.05,745.0,774.95,775.5,743.35,423516,322454768.35,887.9,306.55,20304,INE615P01015,2021-07-16,2021-07-15T18:30:00.000Z,2021-07-16T12:01:04.467Z,2021-07-16T12:01:04.467Z,0,761.38,16-Jul-2021,
83,60f5695ce089b0000849d8c8,QUESS,EQ,N,794.2,756.9,772.0,790.1,790.85,774.95,217647,170921016.75,887.9,326.95,15252,INE615P01015,2021-07-19,2021-07-18T18:30:00.000Z,2021-07-19T12:00:28.633Z,2021-07-19T12:00:28.633Z,0,785.31,19-Jul-2021,
84,60f6bae1874e330008166c0b,QUESS,EQ,N,795.95,738.0,790.85,766.55,761.0,790.1,319866,244328725.95,887.9,326.95,16456,INE615P01015,2021-07-20,2021-07-19T18:30:00.000Z,2021-07-20T12:00:33.239Z,2021-07-20T12:00:33.239Z,0,763.85,20-Jul-2021,
85,60f95dfecaa6960009720dba,QUESS,EQ,N,790.0,774.05,779.4,786.05,787.0,766.55,118861,93137249.6,887.9,326.95,9757,INE615P01015,2021-07-22,2021-07-21T18:30:00.000Z,2021-07-22T12:01:02.737Z,2021-07-22T12:01:02.737Z,0,783.58,22-Jul-2021,
86,60faaf80874e3300088b0a9c,QUESS,EQ,N,812.0,780.0,790.0,799.25,796.0,786.05,416219,333753593.65,887.9,326.95,20029,INE615P01015,2021-07-23,2021-07-22T18:30:00.000Z,2021-07-23T12:01:04.342Z,2021-07-23T12:01:04.342Z,0,801.87,23-Jul-2021,
87,60fea3e15e75500008861b20,QUESS,EQ,N,810.95,792.95,810.95,797.0,795.0,799.25,105775,84887186.9,887.9,332.0,8433,INE615P01015,2021-07-26,2021-07-25T18:30:00.000Z,2021-07-26T12:00:33.724Z,2021-07-26T12:00:33.724Z,0,802.53,26-Jul-2021,
88,60fff57e3b69e400088b8a7c,QUESS,EQ,N,818.75,800.5,802.0,803.65,803.05,797.0,105221,85002644.6,887.9,332.0,9758,INE615P01015,2021-07-27,2021-07-26T18:30:00.000Z,2021-07-27T12:01:02.836Z,2021-07-27T12:01:02.836Z,0,807.85,27-Jul-2021,
89,610146fea8ea98000873ccb3,QUESS,EQ,N,808.55,787.3,802.0,796.05,797.95,803.65,73543,58693361.25,887.9,332.0,5958,INE615P01015,2021-07-28,2021-07-27T18:30:00.000Z,2021-07-28T12:01:02.923Z,2021-07-28T12:01:02.923Z,0,798.08,28-Jul-2021,
90,61029880ebb5b00008937e98,QUESS,EQ,N,828.0,801.35,803.0,818.75,819.55,796.05,155843,127364823.6,887.9,332.0,15380,INE615P01015,2021-07-29,2021-07-28T18:30:00.000Z,2021-07-29T12:01:04.593Z,2021-07-29T12:01:04.593Z,0,817.26,29-Jul-2021,
91,6103ea00ebb5b00008cf54b5,QUESS,EQ,N,885.0,823.4,823.5,869.35,875.0,818.75,1384724,1196676494.75,887.9,332.0,73512,INE615P01015,2021-07-30,2021-07-29T18:30:00.000Z,2021-07-30T12:01:04.403Z,2021-07-30T12:01:04.403Z,0,864.2,30-Jul-2021,
92,609bc37ec132690009effeb5,QUESS,EQ,N,652.0,634.65,638.0,643.2,640.4,639.85,245315,157304033.4,807.3,165.0,6457,INE615P01015,2021-05-12,2021-05-11T18:30:00.000Z,2021-05-12T12:01:02.760Z,2021-05-12T12:01:02.760Z,0,641.23,12-May-2021,
93,609e667e885aee00088f467d,QUESS,EQ,N,655.35,618.0,643.2,635.85,655.0,643.2,84146,53704931.4,807.3,165.0,6567,INE615P01015,2021-05-14,2021-05-13T18:30:00.000Z,2021-05-14T12:01:02.851Z,2021-05-14T12:01:02.851Z,0,638.24,14-May-2021,
94,60a25afe4e61470008bbed44,QUESS,EQ,N,647.65,627.0,645.15,630.75,628.0,635.85,57067,36281176.6,807.3,165.0,11647,INE615P01015,2021-05-17,2021-05-16T18:30:00.000Z,2021-05-17T12:01:02.421Z,2021-05-17T12:01:02.421Z,0,635.76,17-May-2021,
95,60a3ac7ebcb6750008860e04,QUESS,EQ,N,646.0,626.45,636.95,635.1,633.2,630.75,222993,142572447.85,807.3,165.0,13696,INE615P01015,2021-05-18,2021-05-17T18:30:00.000Z,2021-05-18T12:01:02.243Z,2021-05-18T12:01:02.243Z,0,639.36,18-May-2021,
96,60a4fdfe1247b900089e37a7,QUESS,EQ,N,640.2,618.05,634.05,620.25,622.0,635.1,75505,47071425.85,807.3,165.0,5265,INE615P01015,2021-05-19,2021-05-18T18:30:00.000Z,2021-05-19T12:01:02.864Z,2021-05-19T12:01:02.864Z,0,623.42,19-May-2021,
97,60a64f7f9a1015000919d0ca,QUESS,EQ,N,648.25,621.25,622.0,637.85,638.1,620.25,97188,62060985.7,807.3,165.0,15179,INE615P01015,2021-05-20,2021-05-19T18:30:00.000Z,2021-05-20T12:01:03.019Z,2021-05-20T12:01:03.019Z,0,638.57,20-May-2021,
98,60a7a0e0c7277a00086e36f1,QUESS,EQ,N,676.0,635.1,643.0,658.7,655.3,637.85,540550,354024361.3,807.3,165.0,14007,INE615P01015,2021-05-21,2021-05-20T18:30:00.000Z,2021-05-21T12:00:32.360Z,2021-05-21T12:00:32.360Z,0,654.93,21-May-2021,
99,60ab957e03728a0009a3587c,QUESS,EQ,N,675.4,640.2,665.0,646.15,646.0,658.7,124442,82135638.75,807.3,192.0,8976,INE615P01015,2021-05-24,2021-05-23T18:30:00.000Z,2021-05-24T12:01:02.867Z,2021-05-24T12:01:02.867Z,0,660.03,24-May-2021,
100,60ace6fe3e1c550008766907,QUESS,EQ,N,655.95,643.8,649.95,646.6,646.25,646.15,70924,46046449.4,807.3,192.0,5130,INE615P01015,2021-05-25,2021-05-24T18:30:00.000Z,2021-05-25T12:01:02.217Z,2021-05-25T12:01:02.217Z,0,649.24,25-May-2021,
101,60ae3881e53e1c0008d90f74,QUESS,EQ,N,668.0,642.9,646.0,659.05,661.15,646.6,243716,160607391.05,807.3,192.0,4353,INE615P01015,2021-05-26,2021-05-25T18:30:00.000Z,2021-05-26T12:01:05.451Z,2021-05-26T12:01:05.451Z,0,658.99,26-May-2021,
102,60af89e423db9e0008efd057,QUESS,EQ,N,714.9,662.2,668.75,680.85,681.7,659.05,507772,352960803.5,807.3,192.0,24687,INE615P01015,2021-05-27,2021-05-26T18:30:00.000Z,2021-05-27T12:00:36.374Z,2021-05-27T12:00:36.374Z,0,695.12,27-May-2021,
103,60b0db82ecad4f0008644192,QUESS,EQ,N,709.95,680.1,691.0,685.6,689.0,680.85,250798,174743758.5,807.3,192.0,9428,INE615P01015,2021-05-28,2021-05-27T18:30:00.000Z,2021-05-28T12:01:06.302Z,2021-05-28T12:01:06.302Z,0,696.75,28-May-2021,
104,60b4cffe99942d0008df06bc,QUESS,EQ,N,689.0,657.2,687.8,683.1,682.1,685.6,424555,288988770.9,807.3,227.25,8065,INE615P01015,2021-05-31,2021-05-30T18:30:00.000Z,2021-05-31T12:01:02.689Z,2021-05-31T12:01:02.689Z,0,680.69,31-May-2021,
105,60b6217e1746750008d2b166,QUESS,EQ,N,698.0,686.0,686.0,689.05,688.0,683.1,204259,140967244.05,807.3,227.25,6905,INE615P01015,2021-06-01,2021-05-31T18:30:00.000Z,2021-06-01T12:01:02.810Z,2021-06-01T12:01:02.810Z,0,690.14,01-Jun-2021,
106,60b772e3174675000806df56,QUESS,EQ,N,705.75,682.05,686.0,696.45,695.85,689.05,109990,76708960.75,807.3,227.25,8123,INE615P01015,2021-06-02,2021-06-01T18:30:00.000Z,2021-06-02T12:00:35.767Z,2021-06-02T12:00:35.767Z,0,697.42,02-Jun-2021,
107,60b8c47ef1e4290008f838fd,QUESS,EQ,N,739.7,700.25,702.0,716.05,709.0,696.45,393994,285605467.95,807.3,227.25,20478,INE615P01015,2021-06-03,2021-06-02T18:30:00.000Z,2021-06-03T12:01:02.407Z,2021-06-03T12:01:02.407Z,0,724.9,03-Jun-2021,
108,60ba15e2fd6cfd0008ece363,QUESS,EQ,N,720.0,680.3,685.0,700.35,703.0,716.05,418577,292773539.05,807.3,227.25,15811,INE615P01015,2021-06-04,2021-06-03T18:30:00.000Z,2021-06-04T12:00:34.484Z,2021-06-04T12:00:34.484Z,0,699.45,04-Jun-2021,
109,60be0a64e54865000822a1f9,QUESS,EQ,N,720.55,704.95,704.95,719.85,720.0,700.35,177994,127627844.6,807.3,253.0,6429,INE615P01015,2021-06-07,2021-06-06T18:30:00.000Z,2021-06-07T12:00:36.362Z,2021-06-07T12:00:36.362Z,0,717.03,07-Jun-2021,
110,60bf5be2d2265400080d7ee7,QUESS,EQ,N,770.1,725.5,730.0,759.95,763.0,719.85,553550,418036682.7,807.3,253.0,38105,INE615P01015,2021-06-08,2021-06-07T18:30:00.000Z,2021-06-08T12:00:34.848Z,2021-06-08T12:00:34.848Z,0,755.19,08-Jun-2021,
111,60c0ad641318bc00080099c5,QUESS,EQ,N,790.0,751.25,765.9,769.15,768.1,759.95,542237,422121811.3,807.3,253.0,18725,INE615P01015,2021-06-09,2021-06-08T18:30:00.000Z,2021-06-09T12:00:36.673Z,2021-06-09T12:00:36.673Z,0,778.48,09-Jun-2021,
112,60c1fefe81433a00081e9bd5,QUESS,EQ,N,887.9,774.75,774.8,856.3,859.95,769.15,984006,817293454.6,887.9,253.0,46084,INE615P01015,2021-06-10,2021-06-09T18:30:00.000Z,2021-06-10T12:01:02.891Z,2021-06-10T12:01:02.891Z,0,830.58,10-Jun-2021,
113,60c3505b99ad6d0008be9db3,QUESS,EQ,N,867.8,830.65,867.8,835.1,835.0,856.3,204416,172344368.7,887.9,253.0,12943,INE615P01015,2021-06-11,2021-06-10T18:30:00.000Z,2021-06-11T12:00:27.858Z,2021-06-11T12:00:27.858Z,0,843.11,11-Jun-2021,
114,60c744e8fa74920009970b04,QUESS,EQ,N,839.95,789.0,836.0,810.75,810.05,835.1,140612,113896572.8,887.9,260.0,8572,INE615P01015,2021-06-14,2021-06-13T18:30:00.000Z,2021-06-14T12:00:40.994Z,2021-06-14T12:00:40.994Z,0,810.01,14-Jun-2021,
115,60c896829655b00008f2eb4a,QUESS,EQ,N,821.8,798.1,811.0,810.15,810.55,810.75,98709,80066826.25,887.9,260.0,8701,INE615P01015,2021-06-15,2021-06-14T18:30:00.000Z,2021-06-15T12:01:07.058Z,2021-06-15T12:01:07.058Z,0,811.14,15-Jun-2021,
116,60c9e8009af7c30008702695,QUESS,EQ,N,854.0,812.05,815.0,836.8,840.0,810.15,255817,215561648.8,887.9,260.0,13901,INE615P01015,2021-06-16,2021-06-15T18:30:00.000Z,2021-06-16T12:01:04.941Z,2021-06-16T12:01:04.941Z,0,842.64,16-Jun-2021,
117,60cb397f9af7c30008a1ddc3,QUESS,EQ,N,856.0,825.0,842.0,838.45,827.1,836.8,201169,170055370.5,887.9,260.0,15172,INE615P01015,2021-06-17,2021-06-16T18:30:00.000Z,2021-06-17T12:01:03.499Z,2021-06-17T12:01:03.499Z,0,845.34,17-Jun-2021,
118,60cc8ae2d4ffb6000952d536,QUESS,EQ,N,876.8,800.05,835.7,869.25,871.0,838.45,593485,506847213.6,887.9,260.0,48808,INE615P01015,2021-06-18,2021-06-17T18:30:00.000Z,2021-06-18T12:00:34.683Z,2021-06-18T12:00:34.683Z,0,854.02,18-Jun-2021,
119,60d07f80b6df770008f304a1,QUESS,EQ,N,874.95,832.65,871.0,848.1,840.0,869.25,422723,364235778.35,887.9,306.55,40417,INE615P01015,2021-06-21,2021-06-20T18:30:00.000Z,2021-06-21T12:01:04.745Z,2021-06-21T12:01:04.745Z,0,861.64,21-Jun-2021,
120,606afbe150e7c50009ea5664,QUESS,EQ,N,686.7,651.0,686.7,653.8,652.95,689.75,152030,100694706.3,807.3,165.0,9354,INE615P01015,2021-04-05,2021-04-04T18:30:00.000Z,2021-04-05T12:00:33.222Z,2021-04-05T12:00:33.222Z,0,662.33,05-Apr-2021,
121,606c4d7ee414300008c0570c,QUESS,EQ,N,659.25,637.0,650.0,640.1,638.95,653.8,119992,77825497.65,807.3,165.0,9456,INE615P01015,2021-04-06,2021-04-05T18:30:00.000Z,2021-04-06T12:01:02.467Z,2021-04-06T12:01:02.467Z,0,648.59,06-Apr-2021,
122,606d9ee4a5b3e50008f95045,QUESS,EQ,N,671.0,630.5,637.0,657.4,653.1,640.1,270058,176356105.75,807.3,165.0,16958,INE615P01015,2021-04-07,2021-04-06T18:30:00.000Z,2021-04-07T12:00:36.148Z,2021-04-07T12:00:36.148Z,0,653.03,07-Apr-2021,
123,606ef07eee0ef7000821bba7,QUESS,EQ,N,673.8,653.75,657.4,659.75,658.9,657.4,147147,97674222.95,807.3,165.0,8542,INE615P01015,2021-04-08,2021-04-07T18:30:00.000Z,2021-04-08T12:01:02.856Z,2021-04-08T12:01:02.856Z,0,663.79,08-Apr-2021,
124,607041e3b4027f000988509c,QUESS,EQ,N,660.8,645.6,652.0,648.75,648.0,659.75,60275,39468824.25,807.3,165.0,7089,INE615P01015,2021-04-09,2021-04-08T18:30:00.000Z,2021-04-09T12:00:35.923Z,2021-04-09T12:00:35.923Z,0,654.81,09-Apr-2021,
125,6074367e905dbc00081585e6,QUESS,EQ,N,648.0,601.0,648.0,606.15,603.6,648.75,89036,55121915.6,807.3,165.0,7300,INE615P01015,2021-04-12,2021-04-11T18:30:00.000Z,2021-04-12T12:01:02.540Z,2021-04-12T12:01:02.540Z,0,619.1,12-Apr-2021,
126,607587e4a1a6020009d61a12,QUESS,EQ,N,618.8,582.8,608.0,592.85,594.0,606.15,82987,49697086.45,807.3,165.0,6049,INE615P01015,2021-04-13,2021-04-12T18:30:00.000Z,2021-04-13T12:00:36.097Z,2021-04-13T12:00:36.097Z,0,598.85,13-Apr-2021,
127,60782ae3b4027f000990b584,QUESS,EQ,N,600.8,575.55,594.0,588.15,587.0,592.85,201331,119147922.75,807.3,165.0,10105,INE615P01015,2021-04-15,2021-04-14T18:30:00.000Z,2021-04-15T12:00:35.490Z,2021-04-15T12:00:35.490Z,0,591.8,15-Apr-2021,
128,60797c7e06a23a00086a1075,QUESS,EQ,N,611.3,576.0,600.0,579.85,576.0,588.15,195125,115124535.6,807.3,165.0,10516,INE615P01015,2021-04-16,2021-04-15T18:30:00.000Z,2021-04-16T12:01:02.648Z,2021-04-16T12:01:02.648Z,0,590.0,16-Apr-2021,
129,607d70e332a7350008fd3a44,QUESS,EQ,N,575.0,547.3,575.0,553.7,550.0,579.85,189619,105491443.5,807.3,165.0,8573,INE615P01015,2021-04-19,2021-04-18T18:30:00.000Z,2021-04-19T12:00:35.169Z,2021-04-19T12:00:35.169Z,0,556.33,19-Apr-2021,
130,607ec27e28c94600080bc695,QUESS,EQ,N,565.0,537.55,553.0,541.7,541.75,553.7,129967,72366799.65,807.3,165.0,6173,INE615P01015,2021-04-20,2021-04-19T18:30:00.000Z,2021-04-20T12:01:02.516Z,2021-04-20T12:01:02.516Z,0,556.81,20-Apr-2021,
131,6081657e3641bb0008a8fb0a,QUESS,EQ,N,553.8,535.05,541.5,543.5,542.0,541.7,143757,78646767.85,807.3,165.0,8092,INE615P01015,2021-04-22,2021-04-21T18:30:00.000Z,2021-04-22T12:01:02.664Z,2021-04-22T12:01:02.664Z,0,547.08,22-Apr-2021,
132,6082b6e26140660008b5afb0,QUESS,EQ,N,595.2,543.5,543.5,564.7,566.45,543.5,574690,325992913.55,807.3,165.0,14968,INE615P01015,2021-04-23,2021-04-22T18:30:00.000Z,2021-04-23T12:00:34.771Z,2021-04-23T12:00:34.771Z,0,567.25,23-Apr-2021,
133,6088066180572900081c8bf8,QUESS,EQ,N,609.15,562.0,562.0,598.3,594.1,564.7,445548,262837403.95,807.3,165.0,17627,INE615P01015,2021-04-26,2021-04-25T18:30:00.000Z,2021-04-27T12:41:05.579Z,2021-04-27T12:41:05.579Z,0,589.92,26-Apr-2021,
134,6088069dccdda4000887d559,QUESS,EQ,N,611.85,591.9,598.0,609.9,609.4,598.3,224984,136482441.8,807.3,165.0,9459,INE615P01015,2021-04-27,2021-04-26T18:30:00.000Z,2021-04-27T12:42:05.532Z,2021-04-27T12:42:05.532Z,0,606.63,27-Apr-2021,
135,60894e6306a23a00085792bb,QUESS,EQ,N,627.4,605.0,610.1,621.1,616.0,609.9,201546,125299734.6,807.3,165.0,6708,INE615P01015,2021-04-28,2021-04-27T18:30:00.000Z,2021-04-28T12:00:35.248Z,2021-04-28T12:00:35.248Z,0,621.69,28-Apr-2021,
136,608aa004fc34330008f83783,QUESS,EQ,N,638.7,605.55,621.0,620.35,620.35,621.1,146077,91459521.35,807.3,165.0,10739,INE615P01015,2021-04-29,2021-04-28T18:30:00.000Z,2021-04-29T12:01:08.399Z,2021-04-29T12:01:08.399Z,0,626.1,29-Apr-2021,
137,608bf18246f86b00096b13a9,QUESS,EQ,N,633.85,613.25,616.95,628.3,627.25,620.35,72229,45342674.85,807.3,165.0,6791,INE615P01015,2021-04-30,2021-04-29T18:30:00.000Z,2021-04-30T12:01:06.615Z,2021-04-30T12:01:06.615Z,0,627.76,30-Apr-2021,
138,608fe5fec881750008a9fd80,QUESS,EQ,N,628.05,612.2,627.0,619.1,618.8,628.3,106560,66164903.65,807.3,165.0,6351,INE615P01015,2021-05-03,2021-05-02T18:30:00.000Z,2021-05-03T12:01:02.875Z,2021-05-03T12:01:02.875Z,0,620.92,03-May-2021,
139,6091377e45df9f0008e93d50,QUESS,EQ,N,629.4,616.0,616.0,620.05,620.0,619.1,252432,156723424.3,807.3,165.0,3637,INE615P01015,2021-05-04,2021-05-03T18:30:00.000Z,2021-05-04T12:01:02.802Z,2021-05-04T12:01:02.802Z,0,620.85,04-May-2021,
140,609288e5c13269000942c0c6,QUESS,EQ,N,630.0,613.8,630.0,621.6,620.0,620.05,35975,22402477.8,807.3,165.0,3025,INE615P01015,2021-05-05,2021-05-04T18:30:00.000Z,2021-05-05T12:00:38.005Z,2021-05-05T12:00:38.005Z,0,622.72,05-May-2021,
141,6093da7ea51b5b0008e13dcf,QUESS,EQ,N,644.0,630.0,633.0,633.7,633.95,621.6,744319,471132888.2,807.3,165.0,6437,INE615P01015,2021-05-06,2021-05-05T18:30:00.000Z,2021-05-06T12:01:02.468Z,2021-05-06T12:01:02.468Z,0,632.97,06-May-2021,
142,60952be158429e000854219d,QUESS,EQ,N,648.0,631.55,639.65,638.05,637.4,633.7,108498,69061676.35,807.3,165.0,7168,INE615P01015,2021-05-07,2021-05-06T18:30:00.000Z,2021-05-07T12:00:33.110Z,2021-05-07T12:00:33.110Z,0,636.52,07-May-2021,
143,6099206628330700080ff83e,QUESS,EQ,N,665.0,644.75,645.35,650.8,648.0,638.05,124199,81242750.0,807.3,165.0,7132,INE615P01015,2021-05-10,2021-05-09T18:30:00.000Z,2021-05-10T12:00:38.277Z,2021-05-10T12:00:38.277Z,0,654.13,10-May-2021,
144,609a71fe45df9f0008b76a0f,QUESS,EQ,N,653.0,635.15,639.9,639.85,636.0,650.8,361385,232903218.85,807.3,165.0,3725,INE615P01015,2021-05-11,2021-05-10T18:30:00.000Z,2021-05-11T12:01:02.772Z,2021-05-11T12:01:02.772Z,0,644.47,11-May-2021,"[{'symbol': 'QUESS', 'series': 'EQ', 'ind': '-', 'faceVal': '10', 'subject': ' Interim Dividend - Rs 7 Per Share', 'exDate': '11-May-2021', 'recDate': '13-May-2021', 'bcStartDate': '-', 'bcEndDate': '-', 'ndStartDate': '-', 'comp': 'Quess Corp Limited', 'isin': 'INE615P01015', 'ndEndDate': '-', 'caBroadcastDate': None}]"
145,609bc37ec132690009effeb5,QUESS,EQ,N,652.0,634.65,638.0,643.2,640.4,639.85,245315,157304033.4,807.3,165.0,6457,INE615P01015,2021-05-12,2021-05-11T18:30:00.000Z,2021-05-12T12:01:02.760Z,2021-05-12T12:01:02.760Z,0,641.23,12-May-2021,
146,60339ce21fa56800082f64d9,QUESS,EQ,N,738.0,681.45,701.9,719.75,717.0,700.55,353318,250849595.3,761.7,165.0,22771,INE615P01015,2021-02-22,2021-02-21T18:30:00.000Z,2021-02-22T12:00:34.024Z,2021-02-22T12:00:34.024Z,0,709.98,22-Feb-2021,
147,6034ee5cf2cc1600092253d0,QUESS,EQ,N,751.0,709.15,722.8,722.8,716.95,719.75,433455,319404484.35,761.7,165.0,23030,INE615P01015,2021-02-23,2021-02-22T18:30:00.000Z,2021-02-23T12:00:28.646Z,2021-02-23T12:00:28.646Z,0,736.88,23-Feb-2021,
148,60365c96c65ab700086bb347,QUESS,EQ,N,743.85,714.0,717.5,738.4,741.0,722.8,112707,82648888.35,761.7,165.0,8409,INE615P01015,2021-02-24,2021-02-23T18:30:00.000Z,2021-02-24T14:03:02.872Z,2021-02-24T14:03:02.872Z,0,733.31,24-Feb-2021,
149,6037917fd3429100084f425b,QUESS,EQ,N,807.3,732.15,744.7,782.1,768.0,738.4,597924,454994775.45,807.3,165.0,39464,INE615P01015,2021-02-25,2021-02-24T18:30:00.000Z,2021-02-25T12:01:03.069Z,2021-02-25T12:01:03.069Z,0,760.96,25-Feb-2021,
150,6038e2fe48a71b000890bcf7,QUESS,EQ,N,786.45,742.6,753.95,750.8,747.0,782.1,399472,306149076.05,807.3,165.0,28129,INE615P01015,2021-02-26,2021-02-25T18:30:00.000Z,2021-02-26T12:01:02.465Z,2021-02-26T12:01:02.465Z,0,766.38,26-Feb-2021,
151,603cd77fd342910008d7e34f,QUESS,EQ,N,773.8,742.25,759.7,751.1,745.6,750.8,250023,189080530.35,807.3,165.0,18593,INE615P01015,2021-03-01,2021-02-28T18:30:00.000Z,2021-03-01T12:01:03.508Z,2021-03-01T12:01:03.508Z,0,756.25,01-Mar-2021,
152,603e28fee88009000870f4f5,QUESS,EQ,N,769.1,730.6,753.8,738.55,738.0,751.1,192602,144648187.05,807.3,165.0,11384,INE615P01015,2021-03-02,2021-03-01T18:30:00.000Z,2021-03-02T12:01:02.487Z,2021-03-02T12:01:02.487Z,0,751.02,02-Mar-2021,
153,603f7a5c60e1740008d80e1e,QUESS,EQ,N,755.55,715.4,741.0,735.7,737.0,738.55,299287,219501535.0,807.3,165.0,16866,INE615P01015,2021-03-03,2021-03-02T18:30:00.000Z,2021-03-03T12:00:28.117Z,2021-03-03T12:00:28.117Z,0,733.41,03-Mar-2021,
154,6040cbfef782e80008e63cd4,QUESS,EQ,N,743.4,716.6,730.85,724.5,724.7,735.7,176401,129212972.8,807.3,165.0,11415,INE615P01015,2021-03-04,2021-03-03T18:30:00.000Z,2021-03-04T12:01:02.479Z,2021-03-04T12:01:02.479Z,0,732.5,04-Mar-2021,
155,60421d7ff87f7d00085f2c40,QUESS,EQ,N,738.0,706.0,724.5,709.9,710.1,724.5,182346,131548534.85,807.3,165.0,13787,INE615P01015,2021-03-05,2021-03-04T18:30:00.000Z,2021-03-05T12:01:03.183Z,2021-03-05T12:01:03.183Z,0,721.42,05-Mar-2021,
156,60461201f782e800082f8db1,QUESS,EQ,N,739.6,710.25,711.0,727.25,724.1,709.9,291685,211685526.3,807.3,165.0,15914,INE615P01015,2021-03-08,2021-03-07T18:30:00.000Z,2021-03-08T12:01:05.888Z,2021-03-08T12:01:05.888Z,0,725.73,08-Mar-2021,
157,604763611869d10008759243,QUESS,EQ,N,736.75,706.0,729.95,717.95,718.5,727.25,149628,107533967.55,807.3,165.0,10165,INE615P01015,2021-03-09,2021-03-08T18:30:00.000Z,2021-03-09T12:00:33.335Z,2021-03-09T12:00:33.335Z,0,718.68,09-Mar-2021,
158,6048b4e1b02c4600080fcfe0,QUESS,EQ,N,746.1,720.0,721.25,727.7,728.0,717.95,185976,136293750.2,807.3,165.0,10882,INE615P01015,2021-03-10,2021-03-09T18:30:00.000Z,2021-03-10T12:00:33.134Z,2021-03-10T12:00:33.134Z,0,732.86,10-Mar-2021,
159,604b57db72247e0008e05243,QUESS,EQ,N,739.9,708.1,730.25,714.15,715.0,727.7,163987,118844752.65,807.3,165.0,10960,INE615P01015,2021-03-12,2021-03-11T18:30:00.000Z,2021-03-12T12:00:27.610Z,2021-03-12T12:00:27.610Z,0,724.72,12-Mar-2021,
160,604f4c7ec00cd5000824fb6c,QUESS,EQ,N,718.0,693.4,718.0,701.55,696.9,714.15,113427,80003491.05,807.3,165.0,7760,INE615P01015,2021-03-15,2021-03-14T18:30:00.000Z,2021-03-15T12:01:03.001Z,2021-03-15T12:01:03.001Z,0,705.33,15-Mar-2021,
161,60509de16ad8c20008652374,QUESS,EQ,N,719.0,690.75,709.0,694.65,696.6,701.55,155076,108617444.35,807.3,165.0,10552,INE615P01015,2021-03-16,2021-03-15T18:30:00.000Z,2021-03-16T12:00:33.323Z,2021-03-16T12:00:33.323Z,0,700.41,16-Mar-2021,
162,6051ef64e9990500087f3391,QUESS,EQ,N,705.3,673.0,700.0,681.65,678.9,694.65,129102,89264437.4,807.3,165.0,10020,INE615P01015,2021-03-17,2021-03-16T18:30:00.000Z,2021-03-17T12:00:36.615Z,2021-03-17T12:00:36.615Z,0,691.43,17-Mar-2021,
163,605340e217e26700093f0c82,QUESS,EQ,N,695.95,670.0,676.0,682.55,678.95,681.65,81948,56134325.95,807.3,165.0,5716,INE615P01015,2021-03-18,2021-03-17T18:30:00.000Z,2021-03-18T12:00:34.201Z,2021-03-18T12:00:34.201Z,0,685.0,18-Mar-2021,
164,6054927f6bba56000820a0e6,QUESS,EQ,N,730.0,663.1,677.8,719.8,723.0,682.55,187871,131170824.4,807.3,165.0,11574,INE615P01015,2021-03-19,2021-03-18T18:30:00.000Z,2021-03-19T12:01:03.129Z,2021-03-19T12:01:03.129Z,0,698.2,19-Mar-2021,
165,605886ff022baa00098a7c40,QUESS,EQ,N,728.9,690.0,727.0,696.3,694.95,719.8,138599,97647552.2,807.3,165.0,9096,INE615P01015,2021-03-22,2021-03-21T18:30:00.000Z,2021-03-22T12:01:03.214Z,2021-03-22T12:01:03.214Z,0,704.53,22-Mar-2021,
166,6059d8636bba5600089574ff,QUESS,EQ,N,705.0,679.35,697.85,682.9,681.5,696.3,148109,102260130.55,807.3,165.0,11404,INE615P01015,2021-03-23,2021-03-22T18:30:00.000Z,2021-03-23T12:00:35.171Z,2021-03-23T12:00:35.171Z,0,690.44,23-Mar-2021,
167,605b29ff96d7ff000815d455,QUESS,EQ,N,719.0,675.0,679.95,694.85,692.15,682.9,297588,207656281.6,807.3,165.0,22609,INE615P01015,2021-03-24,2021-03-23T18:30:00.000Z,2021-03-24T12:01:03.174Z,2021-03-24T12:01:03.174Z,0,697.8,24-Mar-2021,
168,605c7b621eb5f20008a4351f,QUESS,EQ,N,705.0,681.2,694.9,686.15,682.5,694.85,150673,104178332.7,807.3,165.0,13887,INE615P01015,2021-03-25,2021-03-24T18:30:00.000Z,2021-03-25T12:00:34.506Z,2021-03-25T12:00:34.506Z,0,691.42,25-Mar-2021,
169,605dcce3ba1816000875f891,QUESS,EQ,N,719.9,676.15,687.85,687.75,679.95,686.15,260244,179325172.4,807.3,165.0,15762,INE615P01015,2021-03-26,2021-03-25T18:30:00.000Z,2021-03-26T12:00:35.780Z,2021-03-26T12:00:35.780Z,0,689.07,26-Mar-2021,
170,60631d8ef5299b0008fe3291,QUESS,EQ,N,700.0,679.0,689.05,694.6,699.65,687.75,255891,176858797.4,807.3,165.0,23279,INE615P01015,2021-03-30,2021-03-29T18:30:00.000Z,2021-03-30T12:46:06.142Z,2021-03-30T12:46:06.142Z,0,691.15,30-Mar-2021,
171,6064645c03368200081c1e79,QUESS,EQ,N,704.95,686.0,697.9,698.8,686.0,694.6,161978,112990511.0,807.3,165.0,7181,INE615P01015,2021-03-31,2021-03-30T18:30:00.000Z,2021-03-31T12:00:28.474Z,2021-03-31T12:00:28.474Z,0,697.57,31-Mar-2021,
172,6065b5e313110000089f8ec1,QUESS,EQ,N,703.85,680.0,692.3,689.75,684.0,698.8,143173,99121894.55,807.3,165.0,9370,INE615P01015,2021-04-01,2021-03-31T18:30:00.000Z,2021-04-01T12:00:35.583Z,2021-04-01T12:00:35.583Z,0,692.32,01-Apr-2021,
173,5ffd8f7f5a01880008024de5,QUESS,EQ,N,544.75,523.05,525.45,536.1,535.0,525.45,523104,281612923.45,638.2,165.0,13264,INE615P01015,2021-01-12,2021-01-11T18:30:00.000Z,2021-01-12T12:01:03.039Z,2021-01-12T12:01:03.039Z,0,538.35,12-Jan-2021,
174,5ffee0dcc4dee300088dd73e,QUESS,EQ,N,572.0,536.0,539.85,566.95,568.15,536.1,834202,462490362.5,638.2,165.0,34361,INE615P01015,2021-01-13,2021-01-12T18:30:00.000Z,2021-01-13T12:00:28.392Z,2021-01-13T12:00:28.392Z,0,554.41,13-Jan-2021,
175,6000327f6e104f0008e69005,QUESS,EQ,N,663.7,561.0,570.0,623.55,625.5,566.95,1537257,959580034.05,663.7,165.0,61376,INE615P01015,2021-01-14,2021-01-13T18:30:00.000Z,2021-01-14T12:01:03.054Z,2021-01-14T12:01:03.054Z,0,624.22,14-Jan-2021,
176,600183fe5a018800081074fd,QUESS,EQ,N,648.75,602.05,620.0,606.1,604.2,623.55,741425,456031094.55,663.7,165.0,32248,INE615P01015,2021-01-15,2021-01-14T18:30:00.000Z,2021-01-15T12:01:02.484Z,2021-01-15T12:01:02.484Z,0,615.07,15-Jan-2021,
177,6005787f2e3c9a000810ed91,QUESS,EQ,N,619.95,575.25,606.0,589.6,585.4,606.1,324026,193883486.65,663.7,165.0,28347,INE615P01015,2021-01-18,2021-01-17T18:30:00.000Z,2021-01-18T12:01:03.123Z,2021-01-18T12:01:03.123Z,0,598.36,18-Jan-2021,
178,6006c9e3f10a0d00083c50b2,QUESS,EQ,N,608.25,571.2,591.4,573.8,574.5,589.6,160692,93999629.6,663.7,165.0,8446,INE615P01015,2021-01-19,2021-01-18T18:30:00.000Z,2021-01-19T12:00:35.660Z,2021-01-19T12:00:35.660Z,0,584.97,19-Jan-2021,
179,60081b7e2c04b60008834c40,QUESS,EQ,N,579.3,557.0,574.05,563.45,560.3,573.8,326481,186704416.8,663.7,165.0,8312,INE615P01015,2021-01-20,2021-01-19T18:30:00.000Z,2021-01-20T12:01:02.413Z,2021-01-20T12:01:02.413Z,0,571.87,20-Jan-2021,
180,60096cdc741e2900081a17ae,QUESS,EQ,N,581.55,555.25,565.0,564.3,561.55,563.45,304334,173619968.75,663.7,165.0,12744,INE615P01015,2021-01-21,2021-01-20T18:30:00.000Z,2021-01-21T12:00:28.303Z,2021-01-21T12:00:28.303Z,0,570.49,21-Jan-2021,
181,600abe638a4b290008ee1c84,QUESS,EQ,N,565.7,535.2,565.7,553.4,564.0,564.3,210955,116285471.4,663.7,165.0,7817,INE615P01015,2021-01-22,2021-01-21T18:30:00.000Z,2021-01-22T12:00:35.310Z,2021-01-22T12:00:35.310Z,0,551.23,22-Jan-2021,
182,600eb2fec1e18e0008a453e4,QUESS,EQ,N,562.7,534.4,560.0,537.6,539.8,553.4,91083,49485806.9,663.7,165.0,4398,INE615P01015,2021-01-25,2021-01-24T18:30:00.000Z,2021-01-25T12:01:02.600Z,2021-01-25T12:01:02.600Z,0,543.3,25-Jan-2021,
183,601155fec050380008a1d5dc,QUESS,EQ,N,583.0,521.0,538.85,547.65,546.0,537.6,523059,290700237.25,663.7,165.0,17770,INE615P01015,2021-01-27,2021-01-26T18:30:00.000Z,2021-01-27T12:01:02.468Z,2021-01-27T12:01:02.468Z,0,555.77,27-Jan-2021,
184,6012a763d24e050008e731a8,QUESS,EQ,N,566.8,526.15,529.0,553.85,549.95,547.65,431416,239091653.15,663.7,165.0,27036,INE615P01015,2021-01-28,2021-01-27T18:30:00.000Z,2021-01-28T12:00:35.521Z,2021-01-28T12:00:35.521Z,0,554.2,28-Jan-2021,
185,6013f90224068600082d28d5,QUESS,EQ,N,607.45,554.0,554.85,580.1,578.9,553.85,1106568,650039601.55,663.7,165.0,49730,INE615P01015,2021-01-29,2021-01-28T18:30:00.000Z,2021-01-29T12:01:06.583Z,2021-01-29T12:01:06.583Z,0,587.44,29-Jan-2021,
186,6017ed62ceda9200080bcdc8,QUESS,EQ,N,611.65,561.75,583.75,603.6,603.5,580.1,240385,141629709.2,663.7,165.0,12618,INE615P01015,2021-02-01,2021-01-31T18:30:00.000Z,2021-02-01T12:00:34.049Z,2021-02-01T12:00:34.049Z,0,589.18,01-Feb-2021,
187,60193efe52a67400088a7cd1,QUESS,EQ,N,619.85,586.05,603.6,604.45,601.55,603.6,282191,169799499.55,663.7,165.0,11837,INE615P01015,2021-02-02,2021-02-01T18:30:00.000Z,2021-02-02T12:01:02.327Z,2021-02-02T12:01:02.327Z,0,601.72,02-Feb-2021,
188,601a9062f98b220009a86869,QUESS,EQ,N,605.0,591.0,604.4,601.7,602.0,604.45,188203,113091738.75,663.7,165.0,6960,INE615P01015,2021-02-03,2021-02-02T18:30:00.000Z,2021-02-03T12:00:34.957Z,2021-02-03T12:00:34.957Z,0,600.9,03-Feb-2021,
189,601be1fef98b220009bd6065,QUESS,EQ,N,649.9,606.9,615.0,635.1,639.2,601.7,599430,380199582.15,663.7,165.0,34695,INE615P01015,2021-02-04,2021-02-03T18:30:00.000Z,2021-02-04T12:01:02.667Z,2021-02-04T12:01:02.667Z,0,634.27,04-Feb-2021,
190,601d33601977d90008c02a78,QUESS,EQ,N,725.0,636.5,639.8,689.15,686.0,635.1,1761110,1221510271.95,725.0,165.0,82481,INE615P01015,2021-02-05,2021-02-04T18:30:00.000Z,2021-02-05T12:00:32.756Z,2021-02-05T12:00:32.756Z,0,693.6,05-Feb-2021,
191,602127e25959750008a8df01,QUESS,EQ,N,761.7,672.1,687.35,706.4,696.35,689.15,1086629,783869078.8,761.7,165.0,46789,INE615P01015,2021-02-08,2021-02-07T18:30:00.000Z,2021-02-08T12:00:34.551Z,2021-02-08T12:00:34.551Z,0,721.38,08-Feb-2021,
192,6022797e85e3100008e2ce0d,QUESS,EQ,N,726.0,691.1,704.9,699.1,695.85,706.4,782433,552285134.25,761.7,165.0,36136,INE615P01015,2021-02-09,2021-02-08T18:30:00.000Z,2021-02-09T12:01:02.897Z,2021-02-09T12:01:02.897Z,0,705.86,09-Feb-2021,
193,6023cafe6d78280008e44459,QUESS,EQ,N,718.0,697.0,701.0,706.95,705.95,699.1,314493,222576578.45,761.7,165.0,13795,INE615P01015,2021-02-10,2021-02-09T18:30:00.000Z,2021-02-10T12:01:02.579Z,2021-02-10T12:01:02.579Z,0,707.73,10-Feb-2021,
194,60251c638160710008fa57df,QUESS,EQ,N,729.0,694.7,705.0,707.3,703.0,706.95,253651,180826849.3,761.7,165.0,19793,INE615P01015,2021-02-11,2021-02-10T18:30:00.000Z,2021-02-11T12:00:35.216Z,2021-02-11T12:00:35.216Z,0,712.9,11-Feb-2021,
195,60266de1e854190008018966,QUESS,EQ,N,709.75,670.0,704.85,678.15,670.0,707.3,577023,394992776.2,761.7,165.0,16704,INE615P01015,2021-02-12,2021-02-11T18:30:00.000Z,2021-02-12T12:00:33.418Z,2021-02-12T12:00:33.418Z,0,684.54,12-Feb-2021,
196,602a6262e85419000827e81f,QUESS,EQ,N,696.7,675.9,679.9,685.65,685.95,678.15,159485,109841465.45,761.7,165.0,14525,INE615P01015,2021-02-15,2021-02-14T18:30:00.000Z,2021-02-15T12:00:34.635Z,2021-02-15T12:00:34.635Z,0,688.73,15-Feb-2021,
197,602bb3dc05368f0008dd73f2,QUESS,EQ,N,725.0,690.0,693.0,720.25,722.8,685.65,431991,305961103.0,761.7,165.0,16476,INE615P01015,2021-02-16,2021-02-15T18:30:00.000Z,2021-02-16T12:00:28.586Z,2021-02-16T12:00:28.586Z,0,708.26,16-Feb-2021,
198,602d057fe89593000836a91a,QUESS,EQ,N,728.7,702.25,723.9,716.45,715.0,720.25,222040,158900216.5,761.7,165.0,12399,INE615P01015,2021-02-17,2021-02-16T18:30:00.000Z,2021-02-17T12:01:03.283Z,2021-02-17T12:01:03.283Z,0,715.64,17-Feb-2021,
199,602e56fed8ba7c0008db1581,QUESS,EQ,N,721.1,686.85,718.0,704.5,705.0,716.45,256045,180167858.5,761.7,165.0,11966,INE615P01015,2021-02-18,2021-02-17T18:30:00.000Z,2021-02-18T12:01:02.897Z,2021-02-18T12:01:02.897Z,0,703.66,18-Feb-2021,
200,602fa85c6853780008318509,QUESS,EQ,N,722.45,689.0,701.1,700.55,698.0,704.5,198960,140937751.95,761.7,165.0,16420,INE615P01015,2021-02-19,2021-02-18T18:30:00.000Z,2021-02-19T12:00:28.097Z,2021-02-19T12:00:28.097Z,0,708.37,19-Feb-2021,
201,5fc8d35cfdaa170009fb5dd9,QUESS,EQ,N,520.0,502.6,513.95,506.9,507.2,511.85,118087,60096884.65,638.2,165.0,11008,INE615P01015,2020-12-03,2020-12-02T18:30:00.000Z,2020-12-03T12:00:28.222Z,2020-12-03T12:00:28.222Z,0,508.92,03-Dec-2020,
202,5fca24db01e21f0008b13896,QUESS,EQ,N,518.0,493.2,514.0,497.85,495.0,506.9,176967,89187299.05,638.2,165.0,9364,INE615P01015,2020-12-04,2020-12-03T18:30:00.000Z,2020-12-04T12:00:27.644Z,2020-12-04T12:00:27.644Z,0,503.98,04-Dec-2020,
203,5fce197f22c8a50008e34c4a,QUESS,EQ,N,509.0,493.9,502.85,500.9,501.0,497.85,98508,49150570.7,638.2,165.0,7324,INE615P01015,2020-12-07,2020-12-06T18:30:00.000Z,2020-12-07T12:01:03.110Z,2020-12-07T12:01:03.110Z,0,498.95,07-Dec-2020,
204,5fcf6affecc6400008d6e92f,QUESS,EQ,N,506.7,486.95,505.7,495.1,499.95,500.9,90676,44787199.25,638.2,165.0,5668,INE615P01015,2020-12-08,2020-12-07T18:30:00.000Z,2020-12-08T12:01:03.661Z,2020-12-08T12:01:03.661Z,0,493.93,08-Dec-2020,
205,5fd0bc62ecc6400008d7d9d4,QUESS,EQ,N,503.25,487.0,499.0,494.1,495.5,495.1,110721,54622226.3,638.2,165.0,5083,INE615P01015,2020-12-09,2020-12-08T18:30:00.000Z,2020-12-09T12:00:34.865Z,2020-12-09T12:00:34.865Z,0,493.33,09-Dec-2020,
206,5fd20ddbb459f90008432f89,QUESS,EQ,N,495.05,475.25,495.0,481.15,480.0,494.1,83255,40405464.05,638.2,165.0,4945,INE615P01015,2020-12-10,2020-12-09T18:30:00.000Z,2020-12-10T12:00:27.459Z,2020-12-10T12:00:27.459Z,0,485.32,10-Dec-2020,
207,5fd35f641714380008587dda,QUESS,EQ,N,497.0,482.0,482.0,494.95,495.0,481.15,254029,124890654.65,638.2,165.0,17400,INE615P01015,2020-12-11,2020-12-10T18:30:00.000Z,2020-12-11T12:00:36.392Z,2020-12-11T12:00:36.392Z,0,491.64,11-Dec-2020,
208,5fd753ff3141bc0008ee6f97,QUESS,EQ,N,504.0,487.0,495.0,489.9,491.0,494.95,148223,72935353.25,638.2,165.0,6726,INE615P01015,2020-12-14,2020-12-13T18:30:00.000Z,2020-12-14T12:01:03.260Z,2020-12-14T12:01:03.260Z,0,492.07,14-Dec-2020,
209,5fd8a561b459f90008464c80,QUESS,EQ,N,490.25,478.2,486.2,482.5,482.65,489.9,103460,49905008.5,638.2,165.0,9138,INE615P01015,2020-12-15,2020-12-14T18:30:00.000Z,2020-12-15T12:00:33.902Z,2020-12-15T12:00:33.902Z,0,482.36,15-Dec-2020,
210,5fd9f6e181abf7000814cec2,QUESS,EQ,N,498.5,480.0,486.0,486.9,486.3,482.5,107724,52876363.1,638.2,165.0,5931,INE615P01015,2020-12-16,2020-12-15T18:30:00.000Z,2020-12-16T12:00:33.297Z,2020-12-16T12:00:33.297Z,0,490.85,16-Dec-2020,
211,5fdb486217143800085c6999,QUESS,EQ,N,495.0,482.0,490.7,486.9,483.0,486.9,82278,39960690.05,638.2,165.0,4397,INE615P01015,2020-12-17,2020-12-16T18:30:00.000Z,2020-12-17T12:00:34.434Z,2020-12-17T12:00:34.434Z,0,485.68,17-Dec-2020,
212,5fdc99ff89ad550008138281,QUESS,EQ,N,486.8,476.0,486.8,477.35,478.9,486.9,92129,44046258.15,638.2,165.0,5872,INE615P01015,2020-12-18,2020-12-17T18:30:00.000Z,2020-12-18T12:01:03.245Z,2020-12-18T12:01:03.245Z,0,478.09,18-Dec-2020,
213,5fe08e61fdf1090008bcd2d5,QUESS,EQ,N,479.6,441.3,478.0,457.55,456.55,477.35,234303,108883802.65,638.2,165.0,10791,INE615P01015,2020-12-21,2020-12-20T18:30:00.000Z,2020-12-21T12:00:33.743Z,2020-12-21T12:00:33.743Z,0,464.71,21-Dec-2020,
214,5fe1dfe2652c6e000814a323,QUESS,EQ,N,461.7,413.65,445.15,448.7,450.85,457.55,219520,96628036.75,638.2,165.0,12746,INE615P01015,2020-12-22,2020-12-21T18:30:00.000Z,2020-12-22T12:00:34.570Z,2020-12-22T12:00:34.570Z,0,440.18,22-Dec-2020,
215,5fe331650569620008dc3b82,QUESS,EQ,N,471.4,451.1,459.9,468.35,466.05,448.7,88553,40866119.4,638.2,165.0,4086,INE615P01015,2020-12-23,2020-12-22T18:30:00.000Z,2020-12-23T12:00:37.324Z,2020-12-23T12:00:37.324Z,0,461.49,23-Dec-2020,
216,5fe482fecca28d000877cebb,QUESS,EQ,N,475.0,450.05,475.0,466.95,469.0,468.35,534926,250079831.85,638.2,165.0,11720,INE615P01015,2020-12-24,2020-12-23T18:30:00.000Z,2020-12-24T12:01:02.513Z,2020-12-24T12:01:02.513Z,0,467.5,24-Dec-2020,
217,5fe9c8e3c94f580008f4f44b,QUESS,EQ,N,511.4,466.25,472.0,497.15,507.0,466.95,757749,373032242.65,638.2,165.0,20825,INE615P01015,2020-12-28,2020-12-27T18:30:00.000Z,2020-12-28T12:00:35.717Z,2020-12-28T12:00:35.717Z,0,492.29,28-Dec-2020,
218,5feb1a5c0569620008e0472d,QUESS,EQ,N,553.0,493.0,505.9,535.7,529.9,497.15,1167148,618888807.9,638.2,165.0,32499,INE615P01015,2020-12-29,2020-12-28T18:30:00.000Z,2020-12-29T12:00:28.047Z,2020-12-29T12:00:28.047Z,0,530.26,29-Dec-2020,
219,5fec6bfe65de430008914f84,QUESS,EQ,N,548.0,521.0,534.65,542.5,543.0,535.7,621318,332966742.55,638.2,165.0,29916,INE615P01015,2020-12-30,2020-12-29T18:30:00.000Z,2020-12-30T12:01:02.561Z,2020-12-30T12:01:02.561Z,0,535.9,30-Dec-2020,
220,5fedbd7f65de430008923360,QUESS,EQ,N,550.0,535.0,542.45,546.8,541.0,542.5,610517,331668129.7,638.2,165.0,35794,INE615P01015,2020-12-31,2020-12-30T18:30:00.000Z,2020-12-31T12:01:03.765Z,2020-12-31T12:01:03.765Z,0,543.26,31-Dec-2020,
221,5fef0ee365de430008932ffd,QUESS,EQ,N,547.9,535.0,545.7,537.8,539.0,546.8,146450,79153280.35,638.2,165.0,10206,INE615P01015,2021-01-01,2020-12-31T18:30:00.000Z,2021-01-01T12:00:35.293Z,2021-01-01T12:00:35.293Z,0,540.48,01-Jan-2021,
222,5ff328fe2802680008931f6e,QUESS,EQ,N,545.0,525.25,538.0,532.15,530.0,537.8,191441,102043899.5,638.2,165.0,7987,INE615P01015,2021-01-04,2021-01-03T18:30:00.000Z,2021-01-04T14:41:02.955Z,2021-01-04T14:41:02.955Z,0,533.03,04-Jan-2021,
223,5ff45fc6345f1a00088594d1,QUESS,EQ,N,540.0,500.2,530.5,523.75,522.3,532.15,343832,181702129.45,638.2,165.0,11925,INE615P01015,2021-01-05,2021-01-04T18:30:00.000Z,2021-01-05T12:47:02.748Z,2021-01-05T12:47:02.748Z,0,528.46,05-Jan-2021,
224,5ff5a67f65de43000895f629,QUESS,EQ,N,542.9,520.5,528.9,525.6,524.85,523.75,174459,92911107.95,638.2,165.0,6706,INE615P01015,2021-01-06,2021-01-05T18:30:00.000Z,2021-01-06T12:01:03.094Z,2021-01-06T12:01:03.094Z,0,532.57,06-Jan-2021,
225,5ff6f7e2345f1a0008876753,QUESS,EQ,N,630.7,516.25,529.0,532.5,532.5,525.6,168314,90518412.6,638.2,165.0,6910,INE615P01015,2021-01-07,2021-01-06T18:30:00.000Z,2021-01-07T12:00:34.042Z,2021-01-07T12:00:34.042Z,0,537.79,07-Jan-2021,
226,5ff8496165de43000897d18a,QUESS,EQ,N,539.45,523.5,533.0,526.55,527.5,532.5,118929,63039091.45,638.2,165.0,5997,INE615P01015,2021-01-08,2021-01-07T18:30:00.000Z,2021-01-08T12:00:33.411Z,2021-01-08T12:00:33.411Z,0,530.06,08-Jan-2021,
227,5ffc3dff7ddd690008b04c2f,QUESS,EQ,N,529.75,521.0,525.1,525.45,526.0,526.55,124294,65170376.0,638.2,165.0,3754,INE615P01015,2021-01-11,2021-01-10T18:30:00.000Z,2021-01-11T12:01:03.393Z,2021-01-11T12:01:03.393Z,0,524.32,11-Jan-2021,
228,5ffd8f7f5a01880008024de5,QUESS,EQ,N,544.75,523.05,525.45,536.1,535.0,525.45,523104,281612923.45,638.2,165.0,13264,INE615P01015,2021-01-12,2021-01-11T18:30:00.000Z,2021-01-12T12:01:03.039Z,2021-01-12T12:01:03.039Z,0,538.35,12-Jan-2021,
229,5f96ba636479130008a525b2,QUESS,EQ,N,421.6,406.9,420.0,410.2,409.8,424.15,70754,29233785.1,638.2,165.0,2993,INE615P01015,2020-10-26,2020-10-25T18:30:00.000Z,2020-10-26T12:00:35.769Z,2020-10-26T12:00:35.769Z,0,413.18,26-Oct-2020,
230,5f980bfe2a17b100088d58c8,QUESS,EQ,N,420.0,406.0,409.8,411.9,414.95,410.2,122940,50548593.85,638.2,165.0,3404,INE615P01015,2020-10-27,2020-10-26T18:30:00.000Z,2020-10-27T12:01:03.016Z,2020-10-27T12:01:03.016Z,0,411.16,27-Oct-2020,
231,5f995d5d022fa70008f83529,QUESS,EQ,N,418.65,406.1,414.0,407.65,407.4,411.9,44429,18249708.0,638.2,165.0,2101,INE615P01015,2020-10-28,2020-10-27T18:30:00.000Z,2020-10-28T12:00:29.950Z,2020-10-28T12:00:29.950Z,0,410.76,28-Oct-2020,
232,5f9aaee3022fa70008f83e0f,QUESS,EQ,N,407.95,364.0,403.3,403.85,403.5,407.65,228234,88971762.25,638.2,165.0,10596,INE615P01015,2020-10-29,2020-10-28T18:30:00.000Z,2020-10-29T12:00:35.104Z,2020-10-29T12:00:35.104Z,0,389.83,29-Oct-2020,
233,5f9c0062b6dbb5000825b00b,QUESS,EQ,N,411.75,394.55,403.5,409.3,410.0,403.85,62898,25510714.95,638.2,165.0,3918,INE615P01015,2020-10-30,2020-10-29T18:30:00.000Z,2020-10-30T12:00:34.604Z,2020-10-30T12:00:34.604Z,0,405.59,30-Oct-2020,
234,5f9ff4fe59ba9100086bcf96,QUESS,EQ,N,413.5,400.05,400.05,404.5,402.15,409.3,106341,43329058.9,638.2,165.0,5118,INE615P01015,2020-11-02,2020-11-01T18:30:00.000Z,2020-11-02T12:01:02.709Z,2020-11-02T12:01:02.709Z,0,407.45,02-Nov-2020,
235,5fa14663b6dbb5000825b965,QUESS,EQ,N,414.65,401.0,410.0,403.05,401.0,404.5,96105,39131689.7,638.2,165.0,5352,INE615P01015,2020-11-03,2020-11-02T18:30:00.000Z,2020-11-03T12:00:35.803Z,2020-11-03T12:00:35.803Z,0,407.18,03-Nov-2020,
236,5fa297e5022fa70008f851c5,QUESS,EQ,N,411.75,404.0,408.0,406.75,407.9,403.05,88835,36294711.45,638.2,165.0,5566,INE615P01015,2020-11-04,2020-11-03T18:30:00.000Z,2020-11-04T12:00:37.305Z,2020-11-04T12:00:37.305Z,0,408.56,04-Nov-2020,
237,5fa3e96374b6670008117b96,QUESS,EQ,N,415.4,408.0,408.0,413.75,411.35,406.75,128021,52815484.5,638.2,165.0,3155,INE615P01015,2020-11-05,2020-11-04T18:30:00.000Z,2020-11-05T12:00:35.768Z,2020-11-05T12:00:35.768Z,0,412.55,05-Nov-2020,
238,5fa53ae2e39d1b0009aa9280,QUESS,EQ,N,417.1,407.9,414.9,408.8,410.0,413.75,95863,39470034.65,638.2,165.0,4198,INE615P01015,2020-11-06,2020-11-05T18:30:00.000Z,2020-11-06T12:00:34.460Z,2020-11-06T12:00:34.460Z,0,411.73,06-Nov-2020,
239,5fa92f62022fa70008f8611f,QUESS,EQ,N,412.4,405.0,412.0,407.85,408.0,408.8,109128,44576737.15,638.2,165.0,3425,INE615P01015,2020-11-09,2020-11-08T18:30:00.000Z,2020-11-09T12:00:35.011Z,2020-11-09T12:00:35.011Z,0,408.48,09-Nov-2020,
240,5faa80e1cef7130008915548,QUESS,EQ,N,411.2,401.1,410.0,405.0,404.4,407.85,47152,19168470.05,638.2,165.0,2479,INE615P01015,2020-11-10,2020-11-09T18:30:00.000Z,2020-11-10T12:00:33.177Z,2020-11-10T12:00:33.177Z,0,406.53,10-Nov-2020,
241,5fabd26574b6670008118634,QUESS,EQ,N,408.3,395.65,405.05,400.1,397.55,405.0,55274,22256214.4,638.2,165.0,2898,INE615P01015,2020-11-11,2020-11-10T18:30:00.000Z,2020-11-11T12:00:37.416Z,2020-11-11T12:00:37.416Z,0,402.65,11-Nov-2020,
242,5fad23e1d5e18c0008685920,QUESS,EQ,N,419.0,401.95,404.35,408.95,408.9,400.1,201246,82763278.65,638.2,165.0,7751,INE615P01015,2020-11-12,2020-11-11T18:30:00.000Z,2020-11-12T12:00:33.928Z,2020-11-12T12:00:33.928Z,0,411.25,12-Nov-2020,
243,5fae757e74b6670008119205,QUESS,EQ,N,412.0,400.0,412.0,404.8,406.25,408.95,55315,22544078.0,638.2,165.0,4503,INE615P01015,2020-11-13,2020-11-12T18:30:00.000Z,2020-11-13T12:01:02.572Z,2020-11-13T12:01:02.572Z,0,407.56,13-Nov-2020,
244,5fafeb90cef7130008916344,QUESS,EQ,N,410.0,390.1,390.1,407.75,407.9,404.8,22003,8945760.05,638.2,165.0,645,INE615P01015,2020-11-14,2020-11-13T18:30:00.000Z,2020-11-14T14:37:04.738Z,2020-11-14T14:37:04.738Z,0,406.57,14-Nov-2020,
245,5fb3bb7e06a1d00008ad0680,QUESS,EQ,N,411.0,404.05,411.0,407.05,406.3,407.75,44308,18035802.25,638.2,165.0,3197,INE615P01015,2020-11-17,2020-11-16T18:30:00.000Z,2020-11-17T12:01:02.775Z,2020-11-17T12:01:02.775Z,0,407.06,17-Nov-2020,
246,5fb511b1df20a400080425eb,QUESS,EQ,N,411.7,402.0,409.5,407.0,410.0,407.05,71422,28950369.0,638.2,165.0,3090,INE615P01015,2020-11-18,2020-11-17T18:30:00.000Z,2020-11-18T12:21:05.018Z,2020-11-18T12:21:05.018Z,0,405.34,18-Nov-2020,
247,5fb65e61c21f05000895cbd6,QUESS,EQ,N,414.65,403.95,410.0,407.15,406.5,407.0,59384,24273998.25,638.2,165.0,2842,INE615P01015,2020-11-19,2020-11-18T18:30:00.000Z,2020-11-19T12:00:33.137Z,2020-11-19T12:00:33.137Z,0,408.76,19-Nov-2020,
248,5fb7afe494bf500008b25aa6,QUESS,EQ,N,473.5,407.75,410.0,464.7,472.0,407.15,1716137,781800990.05,638.2,165.0,50996,INE615P01015,2020-11-20,2020-11-19T18:30:00.000Z,2020-11-20T12:00:36.762Z,2020-11-20T12:00:36.762Z,0,455.56,20-Nov-2020,
249,5fbba4625e52590008930e22,QUESS,EQ,N,482.0,465.2,477.8,473.7,475.5,464.7,384292,181498148.05,638.2,165.0,23349,INE615P01015,2020-11-23,2020-11-22T18:30:00.000Z,2020-11-23T12:00:34.635Z,2020-11-23T12:00:34.635Z,0,472.29,23-Nov-2020,
250,5fbcf5fe6a74050008b28790,QUESS,EQ,N,474.0,452.9,472.9,460.4,462.9,473.7,206782,95371947.1,638.2,165.0,10913,INE615P01015,2020-11-24,2020-11-23T18:30:00.000Z,2020-11-24T12:01:02.684Z,2020-11-24T12:01:02.684Z,0,461.22,24-Nov-2020,
251,5fbe476387ed3b0008004b6b,QUESS,EQ,N,487.1,462.05,462.05,470.8,472.05,460.4,505544,241143927.65,638.2,165.0,22666,INE615P01015,2020-11-25,2020-11-24T18:30:00.000Z,2020-11-25T12:00:35.210Z,2020-11-25T12:00:35.210Z,0,477.0,25-Nov-2020,
252,5fbf98e2a33acb0008385bf3,QUESS,EQ,N,481.0,464.9,471.05,475.85,481.0,470.8,106687,50324439.65,638.2,165.0,7165,INE615P01015,2020-11-26,2020-11-25T18:30:00.000Z,2020-11-26T12:00:34.773Z,2020-11-26T12:00:34.773Z,0,471.7,26-Nov-2020,
253,5fc0ea7e5e5259000894e367,QUESS,EQ,N,504.0,471.65,476.05,500.8,500.0,475.85,478222,235844179.3,638.2,165.0,14201,INE615P01015,2020-11-27,2020-11-26T18:30:00.000Z,2020-11-27T12:01:02.927Z,2020-11-27T12:01:02.927Z,0,493.17,27-Nov-2020,
254,5fc6305eeb74920008ab8f3e,QUESS,EQ,N,525.55,492.6,500.0,518.8,519.0,500.8,175735,90647057.65,638.2,165.0,10811,INE615P01015,2020-12-01,2020-11-30T18:30:00.000Z,2020-12-01T12:00:30.408Z,2020-12-01T12:00:30.408Z,0,515.82,01-Dec-2020,
255,5fc781fefdaa170009fa8502,QUESS,EQ,N,529.0,506.0,518.0,511.85,515.95,518.8,222813,114122337.15,638.2,165.0,8585,INE615P01015,2020-12-02,2020-12-01T18:30:00.000Z,2020-12-02T12:01:02.523Z,2020-12-02T12:01:02.523Z,0,512.19,02-Dec-2020,
256,5fc8d35cfdaa170009fb5dd9,QUESS,EQ,N,520.0,502.6,513.95,506.9,507.2,511.85,118087,60096884.65,638.2,165.0,11008,INE615P01015,2020-12-03,2020-12-02T18:30:00.000Z,2020-12-03T12:00:28.222Z,2020-12-03T12:00:28.222Z,0,508.92,03-Dec-2020,
257,5f5f5b63d8f5e500081a8f7e,QUESS,EQ,N,410.9,377.6,382.0,410.9,410.9,373.55,875417,350773870.55,638.2,165.0,13876,INE615P01015,2020-09-14,2020-09-13T18:30:00.000Z,2020-09-14T12:00:35.695Z,2020-09-14T12:00:35.695Z,0,400.69,14-Sep-2020,
258,5f60ace385f66a00082f21a5,QUESS,EQ,N,447.0,418.9,430.0,438.3,440.0,410.9,1214487,525046790.65,638.2,165.0,28054,INE615P01015,2020-09-15,2020-09-14T18:30:00.000Z,2020-09-15T12:00:35.519Z,2020-09-15T12:00:35.519Z,0,432.32,15-Sep-2020,
259,5f61fe7f881ad000082d4851,QUESS,EQ,N,450.0,428.0,439.0,443.0,443.0,438.3,311679,137823723.95,638.2,165.0,11729,INE615P01015,2020-09-16,2020-09-15T18:30:00.000Z,2020-09-16T12:01:03.186Z,2020-09-16T12:01:03.186Z,0,442.2,16-Sep-2020,
260,5f634ffe4bb3370008cc18c2,QUESS,EQ,N,446.4,430.0,440.0,433.15,430.25,443.0,142478,62364639.65,638.2,165.0,6516,INE615P01015,2020-09-17,2020-09-16T18:30:00.000Z,2020-09-17T12:01:02.854Z,2020-09-17T12:01:02.854Z,0,437.71,17-Sep-2020,
261,5f64a17fb3e75900080619a4,QUESS,EQ,N,459.65,417.0,417.0,426.55,425.55,433.15,319508,140372802.7,638.2,165.0,15470,INE615P01015,2020-09-18,2020-09-17T18:30:00.000Z,2020-09-18T12:01:03.053Z,2020-09-18T12:01:03.053Z,0,439.34,18-Sep-2020,
262,5f6895e138ec4f0008c0f8b6,QUESS,EQ,N,438.0,400.0,429.8,408.35,409.85,426.55,287240,119287285.75,638.2,165.0,11163,INE615P01015,2020-09-21,2020-09-20T18:30:00.000Z,2020-09-21T12:00:33.555Z,2020-09-21T12:00:33.555Z,0,415.29,21-Sep-2020,"[{'symbol': 'QUESS', 'series': 'EQ', 'ind': '-', 'faceVal': '10', 'subject': ' Annual General Meeting', 'exDate': '21-Sep-2020', 'recDate': '-', 'bcStartDate': '23-Sep-2020', 'bcEndDate': '29-Sep-2020', 'ndStartDate': '-', 'comp': 'Quess Corp Limited', 'isin': 'INE615P01015', 'ndEndDate': '-', 'caBroadcastDate': None}]"
263,5f69e77e95ff530008e38ff9,QUESS,EQ,N,417.0,367.55,414.0,388.55,399.0,408.35,399730,154723922.2,638.2,165.0,14272,INE615P01015,2020-09-22,2020-09-21T18:30:00.000Z,2020-09-22T12:01:02.861Z,2020-09-22T12:01:02.861Z,0,387.07,22-Sep-2020,
264,5f6b38e278ccfd0008ab0150,QUESS,EQ,N,405.4,383.55,396.2,396.2,396.0,388.55,268192,104802060.05,638.2,165.0,11477,INE615P01015,2020-09-23,2020-09-22T18:30:00.000Z,2020-09-23T12:00:34.411Z,2020-09-23T12:00:34.411Z,0,390.77,23-Sep-2020,
265,5f6c8a6095ff530008e399e4,QUESS,EQ,N,390.0,366.0,390.0,371.8,375.0,396.2,296193,111896708.95,638.2,165.0,7889,INE615P01015,2020-09-24,2020-09-23T18:30:00.000Z,2020-09-24T12:00:32.735Z,2020-09-24T12:00:32.735Z,0,377.78,24-Sep-2020,
266,5f6ddbe41f5dbf0008782c30,QUESS,EQ,N,384.9,372.85,373.15,379.95,379.35,371.8,108085,40989124.3,638.2,165.0,4703,INE615P01015,2020-09-25,2020-09-24T18:30:00.000Z,2020-09-25T12:00:36.425Z,2020-09-25T12:00:36.425Z,0,379.23,25-Sep-2020,
267,5f71d05c95ff530008e3a764,QUESS,EQ,N,397.0,382.2,387.7,387.3,389.6,379.95,98325,38186283.3,638.2,165.0,3888,INE615P01015,2020-09-28,2020-09-27T18:30:00.000Z,2020-09-28T12:00:28.416Z,2020-09-28T12:00:28.416Z,0,388.37,28-Sep-2020,
268,5f7321e26c37890008e1ba9d,QUESS,EQ,N,409.85,385.0,385.0,403.4,407.5,387.3,335696,133497681.4,638.2,165.0,7334,INE615P01015,2020-09-29,2020-09-28T18:30:00.000Z,2020-09-29T12:00:34.365Z,2020-09-29T12:00:34.365Z,0,397.67,29-Sep-2020,
269,5f747366da1e160008e25f37,QUESS,EQ,N,416.8,404.15,412.0,412.6,411.1,403.4,144760,59582330.35,638.2,165.0,6109,INE615P01015,2020-09-30,2020-09-29T18:30:00.000Z,2020-09-30T12:00:38.480Z,2020-09-30T12:00:38.480Z,0,411.59,30-Sep-2020,
270,5f75c4dde6999100084e74dc,QUESS,EQ,N,419.05,405.0,419.0,410.35,406.5,412.6,105729,43542141.95,638.2,165.0,3157,INE615P01015,2020-10-01,2020-09-30T18:30:00.000Z,2020-10-01T12:00:29.418Z,2020-10-01T12:00:29.418Z,0,411.83,01-Oct-2020,
271,5f7b0afe52d75a0008b5648a,QUESS,EQ,N,414.7,395.35,413.85,401.95,402.2,410.35,58545,23770423.55,638.2,165.0,3700,INE615P01015,2020-10-05,2020-10-04T18:30:00.000Z,2020-10-05T12:01:02.793Z,2020-10-05T12:01:02.793Z,0,406.02,05-Oct-2020,
272,5f7c5c7efcd97000094090cf,QUESS,EQ,N,420.0,405.5,410.0,415.05,412.1,401.95,195517,80985307.25,638.2,165.0,6892,INE615P01015,2020-10-06,2020-10-05T18:30:00.000Z,2020-10-06T12:01:02.393Z,2020-10-06T12:01:02.393Z,0,414.21,06-Oct-2020,
273,5f7dade33e35d40008457c23,QUESS,EQ,N,418.4,407.45,414.0,414.35,414.0,415.05,112813,46718749.75,638.2,165.0,5772,INE615P01015,2020-10-07,2020-10-06T18:30:00.000Z,2020-10-07T12:00:35.539Z,2020-10-07T12:00:35.539Z,0,414.13,07-Oct-2020,
274,5f7eff7e3492d40008f032e7,QUESS,EQ,N,424.0,413.0,422.0,414.4,413.95,414.35,119119,49589368.0,638.2,165.0,5101,INE615P01015,2020-10-08,2020-10-07T18:30:00.000Z,2020-10-08T12:01:02.467Z,2020-10-08T12:01:02.467Z,0,416.3,08-Oct-2020,
275,5f8050fe547d2f00083f38bc,QUESS,EQ,N,422.0,405.0,414.25,408.5,410.0,414.4,52978,21896267.55,638.2,165.0,3207,INE615P01015,2020-10-09,2020-10-08T18:30:00.000Z,2020-10-09T12:01:02.372Z,2020-10-09T12:01:02.372Z,0,413.31,09-Oct-2020,
276,5f844563547d2f00083f4953,QUESS,EQ,N,415.0,398.45,411.9,409.15,410.8,408.5,76013,31027767.9,638.2,165.0,4197,INE615P01015,2020-10-12,2020-10-11T18:30:00.000Z,2020-10-12T12:00:35.696Z,2020-10-12T12:00:35.696Z,0,408.19,12-Oct-2020,
277,5f8596ff547d2f00083f527e,QUESS,EQ,N,414.0,403.95,408.95,408.85,412.0,409.15,351880,143003473.85,638.2,165.0,3018,INE615P01015,2020-10-13,2020-10-12T18:30:00.000Z,2020-10-13T12:01:03.061Z,2020-10-13T12:01:03.061Z,0,406.4,13-Oct-2020,
278,5f86e87ee47ceb0008d01e29,QUESS,EQ,N,412.0,405.0,406.7,409.75,408.15,408.85,130434,53228822.9,638.2,165.0,4157,INE615P01015,2020-10-14,2020-10-13T18:30:00.000Z,2020-10-14T12:01:02.836Z,2020-10-14T12:01:02.836Z,0,408.09,14-Oct-2020,
279,5f8839fea4af9700083430de,QUESS,EQ,N,416.4,405.65,405.65,409.9,415.0,409.75,94874,38992569.5,638.2,165.0,5795,INE615P01015,2020-10-15,2020-10-14T18:30:00.000Z,2020-10-15T12:01:02.653Z,2020-10-15T12:01:02.653Z,0,410.99,15-Oct-2020,
280,5f898b60a4af970008343a2b,QUESS,EQ,N,434.65,409.1,410.7,419.4,421.05,409.9,266782,112984072.25,638.2,165.0,10177,INE615P01015,2020-10-16,2020-10-15T18:30:00.000Z,2020-10-16T12:00:32.636Z,2020-10-16T12:00:32.636Z,0,423.51,16-Oct-2020,
281,5f8d7fdbf1c69e000850b367,QUESS,EQ,N,424.4,402.2,424.4,413.25,407.7,419.4,80560,33149610.9,638.2,165.0,5120,INE615P01015,2020-10-19,2020-10-18T18:30:00.000Z,2020-10-19T12:00:27.789Z,2020-10-19T12:00:27.789Z,0,411.49,19-Oct-2020,
282,5f8ed162f1c69e000850bc60,QUESS,EQ,N,419.8,405.55,408.35,410.75,412.0,413.25,56864,23393273.45,638.2,165.0,3136,INE615P01015,2020-10-20,2020-10-19T18:30:00.000Z,2020-10-20T12:00:34.621Z,2020-10-20T12:00:34.621Z,0,411.39,20-Oct-2020,
283,5f9022fe9b381a00088ff2a5,QUESS,EQ,N,421.6,412.0,414.7,415.05,415.0,410.75,94043,39081739.85,638.2,165.0,3979,INE615P01015,2020-10-21,2020-10-20T18:30:00.000Z,2020-10-21T12:01:02.907Z,2020-10-21T12:01:02.907Z,0,415.57,21-Oct-2020,
284,5f9174615967e700081871e6,QUESS,EQ,N,421.6,413.25,418.95,414.35,415.0,415.05,51756,21558251.7,638.2,165.0,2610,INE615P01015,2020-10-22,2020-10-21T18:30:00.000Z,2020-10-22T12:00:33.282Z,2020-10-22T12:00:33.282Z,0,416.54,22-Oct-2020,
285,5f92c5e31ae58c000825f615,QUESS,EQ,N,428.0,415.15,416.0,424.15,420.25,414.35,167895,70952915.8,638.2,165.0,4341,INE615P01015,2020-10-23,2020-10-22T18:30:00.000Z,2020-10-23T12:00:35.499Z,2020-10-23T12:00:35.499Z,0,422.6,23-Oct-2020,
286,5f2a9f7e15147700084299a5,QUESS,EQ,N,364.65,348.05,360.0,351.6,354.0,353.05,188996,67019924.25,638.2,165.0,6454,INE615P01015,2020-08-05,2020-08-04T18:30:00.000Z,2020-08-05T12:01:03.007Z,2020-08-05T12:01:03.007Z,0,354.61,05-Aug-2020,
287,5f2bf0e050193900082d501a,QUESS,EQ,N,369.15,350.5,350.5,364.85,366.0,351.6,405431,147907036.75,638.2,165.0,8573,INE615P01015,2020-08-06,2020-08-05T18:30:00.000Z,2020-08-06T12:00:32.615Z,2020-08-06T12:00:32.615Z,0,364.81,06-Aug-2020,
288,5f2d42638d49840008eec29a,QUESS,EQ,N,378.7,358.1,367.05,369.6,370.1,364.85,208708,77053328.5,638.2,165.0,8493,INE615P01015,2020-08-07,2020-08-06T18:30:00.000Z,2020-08-07T12:00:35.170Z,2020-08-07T12:00:35.170Z,0,369.19,07-Aug-2020,
289,5f3136fec4ae000008d850df,QUESS,EQ,N,376.9,361.65,369.6,366.4,368.0,369.6,143750,53167533.35,638.2,165.0,5005,INE615P01015,2020-08-10,2020-08-09T18:30:00.000Z,2020-08-10T12:01:02.835Z,2020-08-10T12:01:02.835Z,0,369.86,10-Aug-2020,
290,5f32885bc4ae000008d85f59,QUESS,EQ,N,375.0,365.25,373.5,369.2,370.55,366.4,122933,45601148.7,638.2,165.0,3493,INE615P01015,2020-08-11,2020-08-10T18:30:00.000Z,2020-08-11T12:00:27.956Z,2020-08-11T12:00:27.956Z,0,370.94,11-Aug-2020,
291,5f33d9e2721ed80008e251bf,QUESS,EQ,N,371.9,363.0,369.0,368.35,370.0,369.2,166108,60894978.25,638.2,165.0,8348,INE615P01015,2020-08-12,2020-08-11T18:30:00.000Z,2020-08-12T12:00:34.237Z,2020-08-12T12:00:34.237Z,0,366.6,12-Aug-2020,
292,5f352b6473d8800008a0798c,QUESS,EQ,N,373.55,364.85,370.0,367.9,367.3,368.35,80981,29897772.15,638.2,165.0,3383,INE615P01015,2020-08-13,2020-08-12T18:30:00.000Z,2020-08-13T12:00:37.019Z,2020-08-13T12:00:37.019Z,0,369.19,13-Aug-2020,
293,5f367cfe3c2b740008c7351a,QUESS,EQ,N,374.5,365.0,370.9,367.65,368.0,367.9,124368,46069327.15,638.2,165.0,4004,INE615P01015,2020-08-14,2020-08-13T18:30:00.000Z,2020-08-14T12:01:02.655Z,2020-08-14T12:01:02.655Z,0,370.43,14-Aug-2020,
294,5f3a717f11c69a0008727b10,QUESS,EQ,N,399.7,367.0,372.0,375.85,374.6,367.65,641700,247818296.25,638.2,165.0,18412,INE615P01015,2020-08-17,2020-08-16T18:30:00.000Z,2020-08-17T12:01:03.268Z,2020-08-17T12:01:03.268Z,0,386.19,17-Aug-2020,
295,5f3bc2e2d70352000882fd2c,QUESS,EQ,N,383.9,373.0,380.0,375.2,374.25,375.85,179924,67844352.35,638.2,165.0,10813,INE615P01015,2020-08-18,2020-08-17T18:30:00.000Z,2020-08-18T12:00:34.976Z,2020-08-18T12:00:34.976Z,0,377.07,18-Aug-2020,
296,5f3d146317a2ec00084dc2ae,QUESS,EQ,N,381.55,372.65,378.25,374.9,375.95,375.2,89902,33862347.4,638.2,165.0,2793,INE615P01015,2020-08-19,2020-08-18T18:30:00.000Z,2020-08-19T12:00:35.406Z,2020-08-19T12:00:35.406Z,0,376.66,19-Aug-2020,
297,5f3e65ded840aa0008bc7d68,QUESS,EQ,N,378.9,365.0,374.9,367.0,368.2,374.9,106056,39233274.1,638.2,165.0,4444,INE615P01015,2020-08-20,2020-08-19T18:30:00.000Z,2020-08-20T12:00:30.450Z,2020-08-20T12:00:30.450Z,0,369.93,20-Aug-2020,
298,5f3fb77f27c1bc00089032a6,QUESS,EQ,N,377.55,368.55,371.0,371.3,373.0,367.0,241059,90030332.9,638.2,165.0,9819,INE615P01015,2020-08-21,2020-08-20T18:30:00.000Z,2020-08-21T12:01:03.404Z,2020-08-21T12:01:03.404Z,0,373.48,21-Aug-2020,
299,5f43abe15173380008779e58,QUESS,EQ,N,380.0,368.05,380.0,369.9,370.4,371.3,257856,95672923.1,638.2,165.0,14544,INE615P01015,2020-08-24,2020-08-23T18:30:00.000Z,2020-08-24T12:00:33.744Z,2020-08-24T12:00:33.744Z,0,371.03,24-Aug-2020,
300,5f44fd7e398e530008cbe79a,QUESS,EQ,N,375.7,368.85,374.0,370.7,374.0,369.9,194386,72370079.7,638.2,165.0,4641,INE615P01015,2020-08-25,2020-08-24T18:30:00.000Z,2020-08-25T12:01:02.777Z,2020-08-25T12:01:02.777Z,0,372.3,25-Aug-2020,
301,5f464efedc93e90008a14ffc,QUESS,EQ,N,386.85,372.5,378.9,377.9,380.0,370.7,285571,108463400.8,638.2,165.0,5921,INE615P01015,2020-08-26,2020-08-25T18:30:00.000Z,2020-08-26T12:01:02.615Z,2020-08-26T12:01:02.615Z,0,379.81,26-Aug-2020,
302,5f47a07ed038060009fe1370,QUESS,EQ,N,394.3,379.2,379.9,387.9,387.7,377.9,379897,148105522.15,638.2,165.0,9043,INE615P01015,2020-08-27,2020-08-26T18:30:00.000Z,2020-08-27T12:01:02.524Z,2020-08-27T12:01:02.524Z,0,389.86,27-Aug-2020,
303,5f48f1dc4f56cd000843daad,QUESS,EQ,N,392.75,381.2,391.35,387.9,386.0,387.9,241553,94002990.75,638.2,165.0,9261,INE615P01015,2020-08-28,2020-08-27T18:30:00.000Z,2020-08-28T12:00:28.544Z,2020-08-28T12:00:28.544Z,0,389.16,28-Aug-2020,
304,5f4ce66458b0e90009085e40,QUESS,EQ,N,391.2,350.0,382.0,364.55,364.0,387.9,314967,115753530.0,638.2,165.0,10079,INE615P01015,2020-08-31,2020-08-30T18:30:00.000Z,2020-08-31T12:00:36.753Z,2020-08-31T12:00:36.753Z,0,367.51,31-Aug-2020,
305,5f4e37e1ebde4f0009f912fc,QUESS,EQ,N,372.0,361.3,369.5,368.45,365.15,364.55,101573,37340732.75,638.2,165.0,3527,INE615P01015,2020-09-01,2020-08-31T18:30:00.000Z,2020-09-01T12:00:33.910Z,2020-09-01T12:00:33.910Z,0,367.62,01-Sep-2020,
306,5f4f897ff5452d0008a04e66,QUESS,EQ,N,382.8,364.25,368.95,379.0,376.35,368.45,144965,54318095.4,638.2,165.0,6860,INE615P01015,2020-09-02,2020-09-01T18:30:00.000Z,2020-09-02T12:01:03.032Z,2020-09-02T12:01:03.032Z,0,374.7,02-Sep-2020,
307,5f50daff2a3f71000842c563,QUESS,EQ,N,385.65,374.8,376.1,383.7,383.0,379.0,85513,32539344.3,638.2,165.0,4751,INE615P01015,2020-09-03,2020-09-02T18:30:00.000Z,2020-09-03T12:01:03.219Z,2020-09-03T12:01:03.219Z,0,380.52,03-Sep-2020,
308,5f522c7e8562d40008453921,QUESS,EQ,N,386.7,372.0,372.05,382.1,383.0,383.7,105824,40041214.15,638.2,165.0,5060,INE615P01015,2020-09-04,2020-09-03T18:30:00.000Z,2020-09-04T12:01:02.994Z,2020-09-04T12:01:02.994Z,0,378.38,04-Sep-2020,
309,5f5620e29db6d40008c4e1a3,QUESS,EQ,N,386.0,374.85,385.0,380.4,381.0,382.1,137101,51957410.25,638.2,165.0,7966,INE615P01015,2020-09-07,2020-09-06T18:30:00.000Z,2020-09-07T12:00:34.242Z,2020-09-07T12:00:34.242Z,0,378.97,07-Sep-2020,
310,5f5772615c8f3c0008c94376,QUESS,EQ,N,383.8,374.85,383.8,378.05,378.1,380.4,82016,31064547.05,638.2,165.0,3640,INE615P01015,2020-09-08,2020-09-07T18:30:00.000Z,2020-09-08T12:00:33.834Z,2020-09-08T12:00:33.834Z,0,378.76,08-Sep-2020,
311,5f58c3e3fb95de00085ab316,QUESS,EQ,N,386.0,364.0,377.5,382.95,384.4,378.05,143853,53549700.95,638.2,165.0,4788,INE615P01015,2020-09-09,2020-09-08T18:30:00.000Z,2020-09-09T12:00:35.488Z,2020-09-09T12:00:35.488Z,0,372.25,09-Sep-2020,
312,5f5a155c3390f6000817c204,QUESS,EQ,N,385.0,375.0,384.4,381.0,381.0,382.95,55211,20966535.3,638.2,165.0,3137,INE615P01015,2020-09-10,2020-09-09T18:30:00.000Z,2020-09-10T12:00:28.268Z,2020-09-10T12:00:28.268Z,0,379.75,10-Sep-2020,
313,5f5b66e4b1bd6300081d7e14,QUESS,EQ,N,380.3,372.05,377.1,373.55,373.4,381.0,106018,39807005.65,638.2,165.0,3005,INE615P01015,2020-09-11,2020-09-10T18:30:00.000Z,2020-09-11T12:00:36.622Z,2020-09-11T12:00:36.622Z,0,375.47,11-Sep-2020,
314,5f5f5b63d8f5e500081a8f7e,QUESS,EQ,N,410.9,377.6,382.0,410.9,410.9,373.55,875417,350773870.55,638.2,165.0,13876,INE615P01015,2020-09-14,2020-09-13T18:30:00.000Z,2020-09-14T12:00:35.695Z,2020-09-14T12:00:35.695Z,0,400.69,14-Sep-2020,
315,5ef5e37ec1a70000082b8fcf,QUESS,EQ,N,377.4,360.0,365.0,377.4,377.4,359.45,621395,231981594.65,638.2,165.0,14196,INE615P01015,2020-06-26,2020-06-25T18:30:00.000Z,2020-06-26T12:01:02.506Z,2020-06-26T12:01:02.506Z,0,373.32,26-Jun-2020,
316,5efa2263d683380008b43a5f,QUESS,EQ,N,396.25,377.8,396.25,385.0,385.0,377.4,1082186,420655872.4,638.2,165.0,20278,INE615P01015,2020-06-29,2020-06-28T18:30:00.000Z,2020-06-29T17:18:27.597Z,2020-06-29T17:18:27.597Z,0,388.71,29-Jun-2020,
317,5efb295b9088950008138c6e,QUESS,EQ,N,390.0,365.75,388.4,365.75,365.75,385.0,423763,160710991.75,638.2,165.0,7967,INE615P01015,2020-06-30,2020-06-29T18:30:00.000Z,2020-06-30T12:00:27.421Z,2020-06-30T12:00:27.421Z,0,379.25,30-Jun-2020,
318,5efcc9690b8f47000850df43,QUESS,EQ,N,363.0,347.5,347.5,349.9,347.5,365.75,356963,125519069.8,638.2,165.0,6302,INE615P01015,2020-07-01,2020-06-30T18:30:00.000Z,2020-07-01T17:35:37.676Z,2020-07-01T17:35:37.676Z,0,351.63,01-Jul-2020,
319,5efdcc7e7869e5000973369e,QUESS,EQ,N,367.35,335.0,335.0,361.75,355.8,349.9,493481,174881582.25,638.2,165.0,12799,INE615P01015,2020-07-02,2020-07-01T18:30:00.000Z,2020-07-02T12:01:02.939Z,2020-07-02T12:01:02.939Z,0,354.38,02-Jul-2020,
320,5eff1dff59d2de000814f532,QUESS,EQ,N,359.75,344.0,359.0,346.5,345.0,361.75,268144,93719644.0,638.2,165.0,6815,INE615P01015,2020-07-03,2020-07-02T18:30:00.000Z,2020-07-03T12:01:03.138Z,2020-07-03T12:01:03.138Z,0,349.51,03-Jul-2020,
321,5f111bffda8bb90009dbce98,QUESS,EQ,N,355.0,340.0,346.5,342.3,343.2,346.5,194747,67156360.25,638.2,165.0,8829,INE615P01015,2020-07-06,2020-07-05T18:30:00.000Z,2020-07-17T03:33:19.831Z,2020-07-17T03:33:19.831Z,0,344.84,06-Jul-2020,
322,5f0463de9c0f4b0008140b9a,QUESS,EQ,N,351.0,342.0,345.5,350.35,350.6,342.3,228860,79861411.2,638.2,165.0,14001,INE615P01015,2020-07-07,2020-07-06T18:30:00.000Z,2020-07-07T12:00:30.067Z,2020-07-07T12:00:30.067Z,0,348.95,07-Jul-2020,
323,5f05b57e69b2c10008238d28,QUESS,EQ,N,355.0,338.0,353.6,338.95,339.0,350.35,171863,59021020.6,638.2,165.0,6640,INE615P01015,2020-07-08,2020-07-07T18:30:00.000Z,2020-07-08T12:01:02.756Z,2020-07-08T12:01:02.756Z,0,343.42,08-Jul-2020,
324,5f111b8d6a98190008dff131,QUESS,EQ,N,348.5,330.0,338.2,342.65,343.0,338.95,360877,122400649.1,638.2,165.0,11032,INE615P01015,2020-07-09,2020-07-08T18:30:00.000Z,2020-07-17T03:31:25.968Z,2020-07-17T03:31:25.968Z,0,339.18,09-Jul-2020,
325,5f111d36da8bb90009dbd7ac,QUESS,EQ,N,347.0,336.55,341.1,340.9,340.9,342.65,212176,72799652.2,638.2,165.0,8448,INE615P01015,2020-07-10,2020-07-09T18:30:00.000Z,2020-07-17T03:38:30.432Z,2020-07-17T03:38:30.432Z,0,343.11,10-Jul-2020,
326,5f605fdb0c9b9500080a55d2,QUESS,EQ,N,346.0,331.0,340.0,333.05,332.0,340.9,212012,71550963.85,638.2,165.0,17229,INE615P01015,2020-07-13,2020-07-12T18:30:00.000Z,2020-09-15T06:31:55.223Z,2020-09-15T06:31:55.223Z,0,337.49,13-Jul-2020,
327,5f0debd74826170008aa1ab0,QUESS,EQ,N,331.5,316.4,330.2,318.4,316.85,333.05,242022,77318451.0,638.2,165.0,9070,INE615P01015,2020-07-14,2020-07-13T18:30:00.000Z,2020-07-14T17:31:03.696Z,2020-07-14T17:31:03.696Z,0,319.47,14-Jul-2020,
328,5f111ca9cc94cd0009f48c5c,QUESS,EQ,N,334.3,306.55,316.4,328.65,331.0,318.4,326767,107380785.45,638.2,165.0,9401,INE615P01015,2020-07-15,2020-07-14T18:30:00.000Z,2020-07-17T03:36:09.015Z,2020-07-17T03:36:09.015Z,0,328.62,15-Jul-2020,
329,5f1098754fc18a00089d114b,QUESS,EQ,N,342.0,322.0,342.0,330.8,330.0,328.65,129792,42889232.0,638.2,165.0,6242,INE615P01015,2020-07-16,2020-07-15T18:30:00.000Z,2020-07-16T18:12:05.578Z,2020-07-16T18:12:05.578Z,0,330.45,16-Jul-2020,
330,5f1192ffcef9350008a522bc,QUESS,EQ,N,334.8,326.9,330.25,328.95,328.9,330.8,64859,21426439.4,638.2,165.0,3890,INE615P01015,2020-07-17,2020-07-16T18:30:00.000Z,2020-07-17T12:01:03.143Z,2020-07-17T12:01:03.143Z,0,330.35,17-Jul-2020,
331,5f15d3c86317fd00080d7915,QUESS,EQ,N,345.35,326.95,328.95,345.35,345.35,328.95,210151,71531832.75,638.2,165.0,4005,INE615P01015,2020-07-20,2020-07-19T18:30:00.000Z,2020-07-20T17:26:32.241Z,2020-07-20T17:26:32.241Z,0,340.38,20-Jul-2020,
332,5f16d8ffefc9fc0008af77ce,QUESS,EQ,N,354.7,336.85,354.7,343.2,342.6,345.35,266183,92248854.05,638.2,165.0,9459,INE615P01015,2020-07-21,2020-07-20T18:30:00.000Z,2020-07-21T12:01:03.178Z,2020-07-21T12:01:03.178Z,0,346.56,21-Jul-2020,
333,5f182a67fc4c46000841263b,QUESS,EQ,N,347.0,328.0,347.0,332.4,333.6,343.2,168441,56573170.6,638.2,165.0,8005,INE615P01015,2020-07-22,2020-07-21T18:30:00.000Z,2020-07-22T12:00:40.114Z,2020-07-22T12:00:40.114Z,0,335.86,22-Jul-2020,
334,5f1b186a8a46ea0008de276b,QUESS,EQ,N,341.0,333.0,333.0,336.45,336.85,332.4,70594,23829328.35,638.2,165.0,5065,INE615P01015,2020-07-23,2020-07-22T18:30:00.000Z,2020-07-24T17:20:42.669Z,2020-07-24T17:20:42.669Z,0,337.55,23-Jul-2020,
335,5f1b182bdd82bb00086f5786,QUESS,EQ,N,344.7,328.0,336.85,340.6,340.5,336.45,129768,43983384.55,638.2,165.0,5892,INE615P01015,2020-07-24,2020-07-23T18:30:00.000Z,2020-07-24T17:19:39.998Z,2020-07-24T17:19:39.998Z,0,338.94,24-Jul-2020,
336,5fa0dd8c0951f1000879fa2e,QUESS,EQ,N,346.6,332.0,345.0,340.2,339.0,340.6,133184,45476702.45,638.2,165.0,5258,INE615P01015,2020-07-27,2020-07-26T18:30:00.000Z,2020-11-03T04:33:16.895Z,2020-11-03T04:33:16.895Z,0,341.46,27-Jul-2020,
337,5f213e8d02e98e0008a38949,QUESS,EQ,N,355.0,339.0,347.0,347.45,348.0,340.2,187727,65334579.2,638.2,165.0,6733,INE615P01015,2020-07-28,2020-07-27T18:30:00.000Z,2020-07-29T09:17:01.372Z,2020-07-29T09:17:01.372Z,0,348.03,28-Jul-2020,
338,5f216501071d1500088a07f7,QUESS,EQ,N,346.65,336.7,344.0,344.15,343.55,347.45,179248,61349367.5,638.2,165.0,9696,INE615P01015,2020-07-29,2020-07-28T18:30:00.000Z,2020-07-29T12:01:05.988Z,2020-07-29T12:01:05.988Z,0,342.26,29-Jul-2020,
339,5f22fc292789e000087ffecc,QUESS,EQ,N,354.75,345.0,347.9,349.55,350.5,344.15,276063,96681008.9,638.2,165.0,9341,INE615P01015,2020-07-30,2020-07-29T18:30:00.000Z,2020-07-30T16:58:17.562Z,2020-07-30T16:58:17.562Z,0,350.21,30-Jul-2020,
340,5f2407ea6648970008dba3e8,QUESS,EQ,N,367.0,350.5,350.5,367.0,367.0,349.55,372748,135465471.4,638.2,165.0,10029,INE615P01015,2020-07-31,2020-07-30T18:30:00.000Z,2020-07-31T12:00:42.727Z,2020-07-31T12:00:42.727Z,0,363.42,31-Jul-2020,
341,5f27fc7e5b1a0f000868a0d8,QUESS,EQ,N,384.45,359.65,374.4,362.4,362.0,367.0,1013687,374198096.75,638.2,165.0,9646,INE615P01015,2020-08-03,2020-08-02T18:30:00.000Z,2020-08-03T12:01:02.449Z,2020-08-03T12:01:02.449Z,0,369.15,03-Aug-2020,
342,5f294dfe1514770008428fdb,QUESS,EQ,N,372.0,350.0,364.95,353.05,353.05,362.4,216403,77468840.4,638.2,165.0,7530,INE615P01015,2020-08-04,2020-08-03T18:30:00.000Z,2020-08-04T12:01:02.655Z,2020-08-04T12:01:02.655Z,0,357.98,04-Aug-2020,
343,5f2a9f7e15147700084299a5,QUESS,EQ,N,364.65,348.05,360.0,351.6,354.0,353.05,188996,67019924.25,638.2,165.0,6454,INE615P01015,2020-08-05,2020-08-04T18:30:00.000Z,2020-08-05T12:01:03.007Z,2020-08-05T12:01:03.007Z,0,354.61,05-Aug-2020,
344,5ec279045b32f10008a59038,QUESS,EQ,N,176.0,167.0,174.0,169.25,169.95,172.95,151966,25846844.45,722.0,166.05,3800,INE615P01015,2020-05-18,2020-05-17T18:30:00.000Z,2020-05-18T12:01:08.467Z,2020-05-18T12:01:08.467Z,0,170.08,18-May-2020,
345,5ec3ca627ac81d00085e15ca,QUESS,EQ,N,172.9,165.65,172.9,166.2,166.0,169.25,198155,33243918.05,722.0,165.65,3987,INE615P01015,2020-05-19,2020-05-18T18:30:00.000Z,2020-05-19T12:00:34.627Z,2020-05-19T12:00:34.627Z,0,167.77,19-May-2020,
346,5ec51bffd776c7000837ec1f,QUESS,EQ,N,174.5,165.0,169.0,174.5,174.5,166.2,240301,41507815.0,722.0,165.0,2292,INE615P01015,2020-05-20,2020-05-19T18:30:00.000Z,2020-05-20T12:01:03.013Z,2020-05-20T12:01:03.013Z,0,172.73,20-May-2020,
347,5ec66d6293ecae00085c0ca2,QUESS,EQ,N,183.2,183.2,183.2,183.2,183.2,174.5,63003,11542149.6,722.0,165.0,917,INE615P01015,2020-05-21,2020-05-20T18:30:00.000Z,2020-05-21T12:00:34.659Z,2020-05-21T12:00:34.659Z,0,183.2,21-May-2020,
348,5ec7befe7e6cba0008f8dd3c,QUESS,EQ,N,192.35,174.05,192.35,192.15,192.35,183.2,837033,158002965.25,722.0,165.0,10607,INE615P01015,2020-05-22,2020-05-21T18:30:00.000Z,2020-05-22T12:01:02.257Z,2020-05-22T12:01:02.257Z,0,188.77,22-May-2020,
349,5ecd04e00f5c2100084bbb82,QUESS,EQ,N,201.75,193.0,201.7,201.75,201.75,192.15,459096,92307642.0,685.2,165.0,4657,INE615P01015,2020-05-26,2020-05-25T18:30:00.000Z,2020-05-26T12:00:32.546Z,2020-05-26T12:00:32.546Z,0,201.06,26-May-2020,
350,5ece567e2e488c00082ac665,QUESS,EQ,N,209.7,195.0,204.0,201.75,201.0,201.75,459027,92996833.2,685.2,165.0,9515,INE615P01015,2020-05-27,2020-05-26T18:30:00.000Z,2020-05-27T12:01:02.557Z,2020-05-27T12:01:02.557Z,0,202.6,27-May-2020,
351,5ecfa7fe413b6c0008208d2c,QUESS,EQ,N,211.8,192.0,195.0,210.1,211.8,201.75,663888,135451009.85,685.2,165.0,9698,INE615P01015,2020-05-28,2020-05-27T18:30:00.000Z,2020-05-28T12:01:02.773Z,2020-05-28T12:01:02.773Z,0,204.03,28-May-2020,
352,5ed0fd06623c1d00084ef2d1,QUESS,EQ,N,220.6,211.0,215.0,220.6,220.6,210.1,291145,63839494.2,685.2,165.0,4421,INE615P01015,2020-05-29,2020-05-28T18:30:00.000Z,2020-05-29T12:16:06.195Z,2020-05-29T12:16:06.195Z,0,219.27,29-May-2020,
353,5ed4edfe76f1980008126aac,QUESS,EQ,N,231.6,227.25,231.6,231.6,231.6,220.6,108062,25024819.45,666.2,165.0,1165,INE615P01015,2020-06-01,2020-05-31T18:30:00.000Z,2020-06-01T12:01:02.622Z,2020-06-01T12:01:02.622Z,0,231.58,01-Jun-2020,
354,5ee766d7a27a6a0008c9e911,QUESS,EQ,N,243.15,243.15,243.15,243.15,243.15,231.6,25703,6249684.45,666.2,165.0,506,INE615P01015,2020-06-02,2020-06-01T18:30:00.000Z,2020-06-15T12:17:27.148Z,2020-06-15T12:17:27.148Z,0,243.15,02-Jun-2020,
355,5ed790ff7a1af200085d0351,QUESS,EQ,N,255.3,255.3,255.3,255.3,255.3,243.15,62120,15859236.0,666.2,165.0,833,INE615P01015,2020-06-03,2020-06-02T18:30:00.000Z,2020-06-03T12:01:03.132Z,2020-06-03T12:01:03.132Z,0,255.3,03-Jun-2020,
356,5ed8e2634439fd0008512495,QUESS,EQ,N,268.05,268.05,268.05,268.05,268.05,255.3,59232,15877137.6,666.2,165.0,875,INE615P01015,2020-06-04,2020-06-03T18:30:00.000Z,2020-06-04T12:00:35.412Z,2020-06-04T12:00:35.412Z,0,268.05,04-Jun-2020,
357,5eda33fe44f13100088b545b,QUESS,EQ,N,281.45,255.6,281.4,281.45,281.45,268.05,1313790,358280612.55,666.2,165.0,26165,INE615P01015,2020-06-05,2020-06-04T18:30:00.000Z,2020-06-05T12:01:02.933Z,2020-06-05T12:01:02.933Z,0,272.71,05-Jun-2020,
358,5ef243cab998c10008afc53b,QUESS,EQ,N,295.5,272.5,294.0,280.05,276.25,281.45,976414,282580578.7,638.2,165.0,15456,INE615P01015,2020-06-08,2020-06-07T18:30:00.000Z,2020-06-23T18:02:50.214Z,2020-06-23T18:02:50.214Z,0,289.41,08-Jun-2020,
359,5ef243dfba3ac100096f1300,QUESS,EQ,N,283.45,266.05,283.45,267.25,266.65,280.05,628849,169632117.0,638.2,165.0,15075,INE615P01015,2020-06-09,2020-06-08T18:30:00.000Z,2020-06-23T18:03:11.165Z,2020-06-23T18:03:11.165Z,0,269.75,09-Jun-2020,
360,5ef24474f328a00008db065d,QUESS,EQ,N,279.4,256.0,269.45,267.7,269.85,267.25,467460,125358209.4,638.2,165.0,9722,INE615P01015,2020-06-10,2020-06-09T18:30:00.000Z,2020-06-23T18:05:40.895Z,2020-06-23T18:05:40.895Z,0,268.17,10-Jun-2020,
361,5ef2444bc4ea2e0008a74a54,QUESS,EQ,N,275.95,261.25,269.7,266.3,267.0,267.7,358506,96431228.2,638.2,165.0,7535,INE615P01015,2020-06-11,2020-06-10T18:30:00.000Z,2020-06-23T18:04:59.098Z,2020-06-23T18:04:59.098Z,0,268.98,11-Jun-2020,
362,5ee36e67f0beca000932bc2d,QUESS,EQ,N,275.0,253.0,253.5,270.8,270.0,266.3,305005,80246785.4,638.2,165.0,6011,INE615P01015,2020-06-12,2020-06-11T18:30:00.000Z,2020-06-12T12:00:40.032Z,2020-06-12T12:00:40.032Z,0,263.1,12-Jun-2020,
363,5ee7689bfdc386000899aa3c,QUESS,EQ,N,271.0,260.0,267.0,261.1,260.5,270.8,219246,58037787.3,638.2,165.0,7729,INE615P01015,2020-06-15,2020-06-14T18:30:00.000Z,2020-06-15T12:24:59.290Z,2020-06-15T12:24:59.290Z,0,264.72,15-Jun-2020,
364,5ee8b4626ad8fa00085c1aa8,QUESS,EQ,N,274.15,260.8,267.0,274.15,274.15,261.1,423030,113995618.7,638.2,165.0,6769,INE615P01015,2020-06-16,2020-06-15T18:30:00.000Z,2020-06-16T12:00:34.736Z,2020-06-16T12:00:34.736Z,0,269.47,16-Jun-2020,
365,5eea05e146247b000830621e,QUESS,EQ,N,287.85,268.0,279.95,287.85,287.85,274.15,338624,95748136.05,638.2,165.0,4374,INE615P01015,2020-06-17,2020-06-16T18:30:00.000Z,2020-06-17T12:00:33.933Z,2020-06-17T12:00:33.933Z,0,282.76,17-Jun-2020,
366,5eeb7f4cc126050008ec8e65,QUESS,EQ,N,302.2,290.0,292.4,302.2,302.2,287.85,223169,66974611.5,638.2,165.0,2658,INE615P01015,2020-06-18,2020-06-17T18:30:00.000Z,2020-06-18T14:50:52.431Z,2020-06-18T14:50:52.431Z,0,300.11,18-Jun-2020,
367,5eeca900ca2415000829287e,QUESS,EQ,N,317.3,317.3,317.3,317.3,317.3,302.2,71510,22690123.0,638.2,165.0,867,INE615P01015,2020-06-19,2020-06-18T18:30:00.000Z,2020-06-19T12:01:04.447Z,2020-06-19T12:01:04.447Z,0,317.3,19-Jun-2020,
368,5ef243b15ff88f00087d7839,QUESS,EQ,N,333.15,320.0,325.9,333.15,333.15,317.3,652522,216492834.45,638.2,165.0,3563,INE615P01015,2020-06-22,2020-06-21T18:30:00.000Z,2020-06-23T18:02:25.662Z,2020-06-23T18:02:25.662Z,0,331.78,22-Jun-2020,
369,5ef1ef008d7230000817f655,QUESS,EQ,N,349.8,339.0,349.8,349.8,349.8,333.15,200323,69968344.15,638.2,165.0,1533,INE615P01015,2020-06-23,2020-06-22T18:30:00.000Z,2020-06-23T12:01:04.392Z,2020-06-23T12:01:04.392Z,0,349.28,23-Jun-2020,
370,5f111b2d9efdea00086cbabd,QUESS,EQ,N,367.25,340.0,367.25,347.6,350.0,349.8,1088430,388166288.0,638.2,165.0,23080,INE615P01015,2020-06-24,2020-06-23T18:30:00.000Z,2020-07-17T03:29:49.958Z,2020-07-17T03:29:49.958Z,0,356.63,24-Jun-2020,
371,5f111b57048982000805a564,QUESS,EQ,N,363.0,335.6,340.0,359.45,362.0,347.6,331774,118026274.55,638.2,165.0,10520,INE615P01015,2020-06-25,2020-06-24T18:30:00.000Z,2020-07-17T03:30:31.816Z,2020-07-17T03:30:31.816Z,0,355.74,25-Jun-2020,
372,5ef5e37ec1a70000082b8fcf,QUESS,EQ,N,377.4,360.0,365.0,377.4,377.4,359.45,621395,231981594.65,638.2,165.0,14196,INE615P01015,2020-06-26,2020-06-25T18:30:00.000Z,2020-06-26T12:01:02.506Z,2020-06-26T12:01:02.506Z,0,373.32,26-Jun-2020,
373,5e8c6b7e097b5b00085ac6c8,QUESS,EQ,N,228.0,212.0,228.0,214.6,215.0,219.15,490917,107110293.05,739.4,200.65,7797,INE615P01015,2020-04-07,2020-04-06T18:30:00.000Z,2020-04-07T12:01:02.381Z,2020-04-07T12:01:02.381Z,0,218.18,07-Apr-2020,
374,5e8dbcff2b81d000080d11b6,QUESS,EQ,N,219.9,204.05,219.9,208.5,208.5,214.6,411625,87058376.15,739.4,200.65,10477,INE615P01015,2020-04-08,2020-04-07T18:30:00.000Z,2020-04-08T12:01:03.144Z,2020-04-08T12:01:03.144Z,0,211.5,08-Apr-2020,
375,5e8f0e7e9f289900081539f4,QUESS,EQ,N,214.85,204.0,212.0,208.9,208.95,208.5,206252,43058174.25,739.4,200.65,8121,INE615P01015,2020-04-09,2020-04-08T18:30:00.000Z,2020-04-09T12:01:02.314Z,2020-04-09T12:01:02.314Z,0,208.76,09-Apr-2020,
376,5e94547e328a590008415259,QUESS,EQ,N,217.75,208.0,214.0,213.9,215.7,208.9,401332,85797630.95,739.4,200.65,9757,INE615P01015,2020-04-13,2020-04-12T18:30:00.000Z,2020-04-13T12:01:02.081Z,2020-04-13T12:01:02.081Z,0,213.78,13-Apr-2020,
377,5e96f77ed46af300089bd327,QUESS,EQ,N,218.9,204.1,218.8,204.95,205.0,213.9,955826,199396408.95,739.4,200.65,24362,INE615P01015,2020-04-15,2020-04-14T18:30:00.000Z,2020-04-15T12:01:02.187Z,2020-04-15T12:01:02.187Z,0,208.61,15-Apr-2020,
378,5e9848e1cd402800080de5e0,QUESS,EQ,N,215.15,200.5,207.5,203.6,204.0,204.95,1475028,303022251.5,739.4,200.5,21673,INE615P01015,2020-04-16,2020-04-15T18:30:00.000Z,2020-04-16T12:00:33.702Z,2020-04-16T12:00:33.702Z,0,205.43,16-Apr-2020,
379,5e999a5bd9a83d0008a9ba8f,QUESS,EQ,N,213.75,204.3,209.9,210.75,213.75,203.6,1095561,226942192.85,739.4,200.5,11921,INE615P01015,2020-04-17,2020-04-16T18:30:00.000Z,2020-04-17T12:00:27.466Z,2020-04-17T12:00:27.466Z,0,207.15,17-Apr-2020,
380,5e9d8efeea7d82000850d4c4,QUESS,EQ,N,221.25,217.0,221.0,221.25,221.25,210.75,1158542,256112059.35,722.0,200.5,10979,INE615P01015,2020-04-20,2020-04-19T18:30:00.000Z,2020-04-20T12:01:02.790Z,2020-04-20T12:01:02.790Z,0,221.06,20-Apr-2020,
381,5e9ee0632fa7f400080fec71,QUESS,EQ,N,226.0,210.2,226.0,210.2,210.2,221.25,446770,95618008.2,722.0,200.5,6962,INE615P01015,2020-04-21,2020-04-20T18:30:00.000Z,2020-04-21T12:00:35.586Z,2020-04-21T12:00:35.586Z,0,214.02,21-Apr-2020,
382,5ea031e129938c0008a2b9da,QUESS,EQ,N,210.0,200.1,201.0,207.65,207.9,210.2,954948,196112956.1,722.0,200.1,10412,INE615P01015,2020-04-22,2020-04-21T18:30:00.000Z,2020-04-22T12:00:33.682Z,2020-04-22T12:00:33.682Z,0,205.37,22-Apr-2020,
383,5ea1837ef581ca0008bae132,QUESS,EQ,N,215.0,207.9,207.9,209.0,210.0,207.65,544527,114603588.1,722.0,200.1,12224,INE615P01015,2020-04-23,2020-04-22T18:30:00.000Z,2020-04-23T12:01:02.490Z,2020-04-23T12:01:02.490Z,0,210.46,23-Apr-2020,
384,5ea2d4fe98bd860008322651,QUESS,EQ,N,209.4,202.0,208.4,204.3,206.0,209.0,296962,60994148.5,722.0,200.1,14585,INE615P01015,2020-04-24,2020-04-23T18:30:00.000Z,2020-04-24T12:01:02.787Z,2020-04-24T12:01:02.787Z,0,205.39,24-Apr-2020,
385,5ea6c962544ba90008e89648,QUESS,EQ,N,208.0,201.0,207.0,202.65,203.35,204.3,295447,59940067.05,722.0,200.1,8949,INE615P01015,2020-04-27,2020-04-26T18:30:00.000Z,2020-04-27T12:00:34.990Z,2020-04-27T12:00:34.990Z,0,202.88,27-Apr-2020,
386,5ea81ae244c8c20008e52308,QUESS,EQ,N,206.0,201.1,204.05,201.45,201.5,202.65,132922,26890361.7,722.0,200.1,8148,INE615P01015,2020-04-28,2020-04-27T18:30:00.000Z,2020-04-28T12:00:34.620Z,2020-04-28T12:00:34.620Z,0,202.3,28-Apr-2020,
387,5ea96c62e9c5d6000806afe1,QUESS,EQ,N,206.8,201.4,201.4,202.55,202.4,201.45,305197,62340667.95,722.0,200.1,8726,INE615P01015,2020-04-29,2020-04-28T18:30:00.000Z,2020-04-29T12:00:34.730Z,2020-04-29T12:00:34.730Z,0,204.26,29-Apr-2020,
388,5eaabddb4a869300089a8adf,QUESS,EQ,N,211.8,194.0,210.0,207.15,211.8,202.55,1104023,224142437.35,722.0,194.0,23146,INE615P01015,2020-04-30,2020-04-29T18:30:00.000Z,2020-04-30T12:00:27.978Z,2020-04-30T12:00:27.978Z,0,203.02,30-Apr-2020,
389,5ef24558b9601200082d8361,QUESS,EQ,N,211.7,203.0,211.7,203.7,203.8,207.15,444775,91971871.85,722.0,194.0,12260,INE615P01015,2020-05-04,2020-05-03T18:30:00.000Z,2020-06-23T18:09:28.437Z,2020-06-23T18:09:28.437Z,0,206.78,04-May-2020,
390,5ece2fbba7d7070008238390,QUESS,EQ,N,207.9,198.0,207.8,198.7,198.5,203.7,245440,49446596.75,722.0,194.0,5596,INE615P01015,2020-05-05,2020-05-04T18:30:00.000Z,2020-05-27T09:15:39.038Z,2020-05-27T09:15:39.038Z,0,201.46,05-May-2020,
391,5eb2a6e16952ee00082887cb,QUESS,EQ,N,200.0,191.6,200.0,192.75,192.5,198.7,324056,62945957.15,722.0,191.6,7489,INE615P01015,2020-05-06,2020-05-05T18:30:00.000Z,2020-05-06T12:00:33.872Z,2020-05-06T12:00:33.872Z,0,194.24,06-May-2020,
392,5eb3f85b5bbde20008dc3b20,QUESS,EQ,N,193.95,183.15,192.6,185.05,189.3,192.75,396098,75165566.1,722.0,183.15,9336,INE615P01015,2020-05-07,2020-05-06T18:30:00.000Z,2020-05-07T12:00:27.186Z,2020-05-07T12:00:27.186Z,0,189.77,07-May-2020,
393,5eb549ddd994850008367e0a,QUESS,EQ,N,190.0,181.1,189.3,182.5,182.5,185.05,301966,55725179.75,722.0,181.1,9460,INE615P01015,2020-05-08,2020-05-07T18:30:00.000Z,2020-05-08T12:00:29.999Z,2020-05-08T12:00:29.999Z,0,184.54,08-May-2020,
394,5eb93e6093bc020008079d9c,QUESS,EQ,N,186.45,176.0,185.5,176.7,176.85,182.5,261727,47654387.75,722.0,176.0,5439,INE615P01015,2020-05-11,2020-05-10T18:30:00.000Z,2020-05-11T12:00:32.949Z,2020-05-11T12:00:32.949Z,0,182.08,11-May-2020,
395,5eba8fe1dad6ca0008e0671f,QUESS,EQ,N,176.0,167.9,175.9,170.85,171.0,176.7,296793,50440507.95,722.0,167.9,6145,INE615P01015,2020-05-12,2020-05-11T18:30:00.000Z,2020-05-12T12:00:33.286Z,2020-05-12T12:00:33.286Z,0,169.95,12-May-2020,
396,5ebbe161f79ef100088a735a,QUESS,EQ,N,179.35,173.85,178.0,179.3,179.35,170.85,259269,46255469.6,722.0,167.9,3756,INE615P01015,2020-05-13,2020-05-12T18:30:00.000Z,2020-05-13T12:00:33.414Z,2020-05-13T12:00:33.414Z,0,178.41,13-May-2020,
397,5ebd32e1b7d0c80008e47112,QUESS,EQ,N,185.0,170.35,182.5,174.1,174.1,179.3,313528,55249560.6,722.0,167.9,5878,INE615P01015,2020-05-14,2020-05-13T18:30:00.000Z,2020-05-14T12:00:33.691Z,2020-05-14T12:00:33.691Z,0,176.22,14-May-2020,
398,5ebe847ec738bf0008c4d8e6,QUESS,EQ,N,174.0,166.05,174.0,172.95,172.8,174.1,273530,46807227.95,722.0,166.05,4108,INE615P01015,2020-05-15,2020-05-14T18:30:00.000Z,2020-05-15T12:01:02.186Z,2020-05-15T12:01:02.186Z,0,171.12,15-May-2020,
399,5e57af62a6a62e0008780268,QUESS,EQ,N,544.7,526.0,537.8,538.85,538.0,536.05,66468,35731237.3,824.8,385.55,6099,INE615P01015,2020-02-27,2020-02-26T18:30:00.000Z,2020-02-27T12:00:34.313Z,2020-02-27T12:00:34.313Z,0,537.57,27-Feb-2020,
400,5e5900e2ce0adf0008888940,QUESS,EQ,N,533.8,505.0,520.0,514.2,512.05,538.85,347832,181175443.3,824.8,385.55,17382,INE615P01015,2020-02-28,2020-02-27T18:30:00.000Z,2020-02-28T12:00:34.805Z,2020-02-28T12:00:34.805Z,0,520.87,28-Feb-2020,
401,5e5cf57e9e55a200083f51dd,QUESS,EQ,N,519.7,498.0,514.2,502.95,502.0,514.2,154291,78370876.4,824.8,385.55,8366,INE615P01015,2020-03-02,2020-03-01T18:30:00.000Z,2020-03-02T12:01:02.111Z,2020-03-02T12:01:02.111Z,0,507.94,02-Mar-2020,
402,5e5e46db599ecf0008394e3d,QUESS,EQ,N,517.45,503.3,503.3,514.2,516.0,502.95,82217,42123850.3,824.8,385.55,6759,INE615P01015,2020-03-03,2020-03-02T18:30:00.000Z,2020-03-03T12:00:27.353Z,2020-03-03T12:00:27.353Z,0,512.35,03-Mar-2020,
403,5e5f9860e28dc70008eeb91d,QUESS,EQ,N,523.55,490.1,516.0,503.75,505.5,514.2,98118,50041368.9,824.8,385.55,6524,INE615P01015,2020-03-04,2020-03-03T18:30:00.000Z,2020-03-04T12:00:32.737Z,2020-03-04T12:00:32.737Z,0,510.01,04-Mar-2020,
404,5e60e9e03022d700085014b1,QUESS,EQ,N,511.9,497.0,506.0,500.4,501.0,503.75,185303,92856649.6,824.8,385.55,6888,INE615P01015,2020-03-05,2020-03-04T18:30:00.000Z,2020-03-05T12:00:32.611Z,2020-03-05T12:00:32.611Z,0,501.11,05-Mar-2020,
405,5e623b6013351a000888f578,QUESS,EQ,N,515.45,480.85,488.8,501.25,497.55,500.4,142739,70621166.5,824.8,385.55,5730,INE615P01015,2020-03-06,2020-03-05T18:30:00.000Z,2020-03-06T12:00:32.776Z,2020-03-06T12:00:32.776Z,0,494.76,06-Mar-2020,
406,5e662ffe9fa524000822b6a3,QUESS,EQ,N,505.7,460.95,494.95,496.95,499.95,501.25,251606,121149131.15,824.8,385.55,23285,INE615P01015,2020-03-09,2020-03-08T18:30:00.000Z,2020-03-09T12:01:02.603Z,2020-03-09T12:01:02.603Z,0,481.5,09-Mar-2020,
407,5e68d2db5def9e000876bce0,QUESS,EQ,N,498.7,466.35,496.95,474.7,472.0,496.95,214694,104299756.2,824.8,385.55,17409,INE615P01015,2020-03-11,2020-03-10T18:30:00.000Z,2020-03-11T12:00:27.884Z,2020-03-11T12:00:27.884Z,0,485.81,11-Mar-2020,
408,5e6a246327e7a10008ff1491,QUESS,EQ,N,465.0,435.05,460.0,442.8,443.55,474.7,157441,70307994.45,824.8,385.55,13282,INE615P01015,2020-03-12,2020-03-11T18:30:00.000Z,2020-03-12T12:00:35.067Z,2020-03-12T12:00:35.067Z,0,446.57,12-Mar-2020,
409,5e6b75e02901d300081cf5eb,QUESS,EQ,N,460.0,358.0,424.0,445.55,451.0,442.8,179178,75244436.5,824.8,358.0,30348,INE615P01015,2020-03-13,2020-03-12T18:30:00.000Z,2020-03-13T12:00:32.692Z,2020-03-13T12:00:32.692Z,0,419.94,13-Mar-2020,
410,5e6f6a7e5de3ae0008ceafa6,QUESS,EQ,N,433.55,408.55,433.55,415.25,415.0,445.55,126522,52869401.55,824.8,358.0,13350,INE615P01015,2020-03-16,2020-03-15T18:30:00.000Z,2020-03-16T12:01:02.856Z,2020-03-16T12:01:02.856Z,0,417.87,16-Mar-2020,
411,5e70bbe1c32b4c00086b10fd,QUESS,EQ,N,422.45,371.35,411.05,380.95,380.0,415.25,339320,134638765.25,824.8,358.0,21853,INE615P01015,2020-03-17,2020-03-16T18:30:00.000Z,2020-03-17T12:00:33.335Z,2020-03-17T12:00:33.335Z,0,396.79,17-Mar-2020,
412,5e720d648a1f0f0008bf6d50,QUESS,EQ,N,389.75,304.8,389.75,304.8,304.8,380.95,360229,114222021.75,824.8,304.8,25820,INE615P01015,2020-03-18,2020-03-17T18:30:00.000Z,2020-03-18T12:00:36.059Z,2020-03-18T12:00:36.059Z,0,317.08,18-Mar-2020,
413,5e735edd984da20008ffe5a4,QUESS,EQ,N,280.0,274.35,274.35,274.35,274.35,304.8,740810,203412256.35,824.8,274.35,4459,INE615P01015,2020-03-19,2020-03-18T18:30:00.000Z,2020-03-19T12:00:29.489Z,2020-03-19T12:00:29.489Z,0,274.58,19-Mar-2020,
414,5e74b061f727ea0008e5ae4c,QUESS,EQ,N,274.0,246.95,274.0,246.95,246.95,274.35,1112598,277911006.15,824.8,246.95,11479,INE615P01015,2020-03-20,2020-03-19T18:30:00.000Z,2020-03-20T12:00:33.103Z,2020-03-20T12:00:33.103Z,0,249.79,20-Mar-2020,
415,5e78a4e352ea370008a7b601,QUESS,EQ,N,230.3,222.3,226.0,222.3,222.3,246.95,203503,45347965.0,824.8,222.3,5264,INE615P01015,2020-03-23,2020-03-22T18:30:00.000Z,2020-03-23T12:00:35.081Z,2020-03-23T12:00:35.081Z,0,222.84,23-Mar-2020,
416,5e79f67ee7b7180008a9c3af,QUESS,EQ,N,222.0,211.2,222.0,211.2,211.2,222.3,188475,39836206.95,824.8,211.2,3952,INE615P01015,2020-03-24,2020-03-23T18:30:00.000Z,2020-03-24T12:01:02.191Z,2020-03-24T12:01:02.191Z,0,211.36,24-Mar-2020,
417,5e7b47feada1850008e445ea,QUESS,EQ,N,221.75,200.65,200.65,221.4,221.75,211.2,133022,28230898.6,824.8,200.65,3142,INE615P01015,2020-03-25,2020-03-24T18:30:00.000Z,2020-03-25T12:01:02.512Z,2020-03-25T12:01:02.512Z,0,212.23,25-Mar-2020,
418,5e7c997ed2f66100088109bc,QUESS,EQ,N,232.45,224.0,231.0,226.9,225.95,221.4,272271,62681653.15,824.8,200.65,5326,INE615P01015,2020-03-26,2020-03-25T18:30:00.000Z,2020-03-26T12:01:02.501Z,2020-03-26T12:01:02.501Z,0,230.22,26-Mar-2020,
419,5e7deae22fba8e000887ad49,QUESS,EQ,N,238.2,215.6,218.0,215.75,215.6,226.9,271968,61380087.5,824.8,200.65,8008,INE615P01015,2020-03-27,2020-03-26T18:30:00.000Z,2020-03-27T12:00:34.246Z,2020-03-27T12:00:34.246Z,0,225.69,27-Mar-2020,
420,5e81dfbdba9bb000080b7618,QUESS,EQ,N,221.0,205.0,214.0,207.25,210.05,215.75,187751,39970549.8,758.05,200.65,6252,INE615P01015,2020-03-30,2020-03-29T18:30:00.000Z,2020-03-30T12:02:05.367Z,2020-03-30T12:02:05.367Z,0,212.89,30-Mar-2020,
421,5e8330fee0c06f00088f82cc,QUESS,EQ,N,217.4,205.0,217.0,213.15,210.0,207.25,660477,140628182.7,758.05,200.65,8662,INE615P01015,2020-03-31,2020-03-30T18:30:00.000Z,2020-03-31T12:01:02.372Z,2020-03-31T12:01:02.372Z,0,212.92,31-Mar-2020,
422,5e8482628ee8730008348c56,QUESS,EQ,N,223.8,211.0,211.0,212.55,212.9,213.15,210842,46268445.75,758.05,200.65,9083,INE615P01015,2020-04-01,2020-03-31T18:30:00.000Z,2020-04-01T12:00:34.193Z,2020-04-01T12:00:34.193Z,0,219.45,01-Apr-2020,
423,5e872562e4335f0008b35be9,QUESS,EQ,N,221.0,210.65,220.0,219.15,219.0,212.55,247847,53983628.75,758.05,200.65,15996,INE615P01015,2020-04-03,2020-04-02T18:30:00.000Z,2020-04-03T12:00:34.882Z,2020-04-03T12:00:34.882Z,0,217.81,03-Apr-2020,
424,5e8c6b7e097b5b00085ac6c8,QUESS,EQ,N,228.0,212.0,228.0,214.6,215.0,219.15,490917,107110293.05,739.4,200.65,7797,INE615P01015,2020-04-07,2020-04-06T18:30:00.000Z,2020-04-07T12:01:02.381Z,2020-04-07T12:01:02.381Z,0,218.18,07-Apr-2020,
425,5e25966082871b0008464f08,QUESS,EQ,N,573.55,555.0,570.0,566.4,564.0,564.95,89993,50816594.7,824.8,385.55,3389,INE615P01015,2020-01-20,2020-01-19T18:30:00.000Z,2020-01-20T12:00:32.498Z,2020-01-20T12:00:32.498Z,0,564.67,20-Jan-2020,
426,5e26e7e156a8090008139c1d,QUESS,EQ,N,580.0,557.35,564.0,574.45,569.55,566.4,969460,549665735.6,824.8,385.55,10261,INE615P01015,2020-01-21,2020-01-20T18:30:00.000Z,2020-01-21T12:00:33.863Z,2020-01-21T12:00:33.863Z,0,566.98,21-Jan-2020,
427,5e28395b350bd90008188632,QUESS,EQ,N,579.0,566.6,576.9,572.7,573.6,574.45,88826,50884677.2,824.8,385.55,5843,INE615P01015,2020-01-22,2020-01-21T18:30:00.000Z,2020-01-22T12:00:27.840Z,2020-01-22T12:00:27.840Z,0,572.86,22-Jan-2020,
428,5e298ae023252f0008a1d175,QUESS,EQ,N,584.0,568.0,568.5,581.9,582.0,572.7,201423,116510590.85,824.8,385.55,12232,INE615P01015,2020-01-23,2020-01-22T18:30:00.000Z,2020-01-23T12:00:32.798Z,2020-01-23T12:00:32.798Z,0,578.44,23-Jan-2020,
429,5e2adc63ba04d60008ab1d40,QUESS,EQ,N,626.5,581.2,584.9,619.95,620.55,581.9,501439,304396260.1,824.8,385.55,20913,INE615P01015,2020-01-24,2020-01-23T18:30:00.000Z,2020-01-24T12:00:35.056Z,2020-01-24T12:00:35.056Z,0,607.05,24-Jan-2020,
430,5e2ed0fe3d641100085c01b9,QUESS,EQ,N,623.0,601.6,619.95,606.4,602.2,619.95,154930,95032370.85,824.8,385.55,8038,INE615P01015,2020-01-27,2020-01-26T18:30:00.000Z,2020-01-27T12:01:03.011Z,2020-01-27T12:01:03.011Z,0,613.39,27-Jan-2020,
431,5e30227ec65a7a0008f25478,QUESS,EQ,N,615.0,588.0,603.9,596.8,598.0,606.4,159690,96115959.95,824.8,385.55,14606,INE615P01015,2020-01-28,2020-01-27T18:30:00.000Z,2020-01-28T12:01:02.834Z,2020-01-28T12:01:02.834Z,0,601.89,28-Jan-2020,
432,5e3173febfc8c60008092b43,QUESS,EQ,N,632.0,595.0,600.8,620.05,618.0,596.8,354630,218092039.05,824.8,385.55,21103,INE615P01015,2020-01-29,2020-01-28T18:30:00.000Z,2020-01-29T12:01:02.944Z,2020-01-29T12:01:02.944Z,0,614.98,29-Jan-2020,
433,5e32c57e1e3869000861ad12,QUESS,EQ,N,638.2,596.25,632.9,620.35,622.0,620.05,443186,272559479.5,824.8,385.55,18542,INE615P01015,2020-01-30,2020-01-29T18:30:00.000Z,2020-01-30T12:01:02.359Z,2020-01-30T12:01:02.359Z,0,615.0,30-Jan-2020,
434,5e3416e178f7fe0008260ef7,QUESS,EQ,N,633.95,611.0,620.0,625.5,632.0,620.35,540845,334254762.65,824.8,385.55,15020,INE615P01015,2020-01-31,2020-01-30T18:30:00.000Z,2020-01-31T12:00:33.976Z,2020-01-31T12:00:33.976Z,0,618.02,31-Jan-2020,
435,5e35687e293b5a00089d46f8,QUESS,EQ,N,633.9,598.2,621.6,621.1,613.0,625.5,164021,101620580.4,824.8,385.55,14476,INE615P01015,2020-02-01,2020-01-31T18:30:00.000Z,2020-02-01T12:01:02.656Z,2020-02-01T12:01:02.656Z,0,619.56,01-Feb-2020,
436,5e380b7e901a7e00088a0b22,QUESS,EQ,N,630.0,596.7,613.0,624.9,624.5,621.1,445557,278453204.8,824.8,385.55,14398,INE615P01015,2020-02-03,2020-02-02T18:30:00.000Z,2020-02-03T12:01:02.072Z,2020-02-03T12:01:02.072Z,0,624.96,03-Feb-2020,
437,5e395ce12364200008751131,QUESS,EQ,N,637.15,610.25,626.9,624.0,625.95,624.9,99997,62096666.8,824.8,385.55,6949,INE615P01015,2020-02-04,2020-02-03T18:30:00.000Z,2020-02-04T12:00:33.966Z,2020-02-04T12:00:33.966Z,0,620.99,04-Feb-2020,
438,5e3aae5f84ff470008f85ae7,QUESS,EQ,N,634.5,607.05,625.95,611.25,609.0,624.0,108321,66818857.65,824.8,385.55,7604,INE615P01015,2020-02-05,2020-02-04T18:30:00.000Z,2020-02-05T12:00:32.017Z,2020-02-05T12:00:32.017Z,0,616.86,05-Feb-2020,
439,5e3bffe2f669df000874dbd9,QUESS,EQ,N,623.5,605.0,608.6,616.8,615.05,611.25,115075,70808176.85,824.8,385.55,7096,INE615P01015,2020-02-06,2020-02-05T18:30:00.000Z,2020-02-06T12:00:34.430Z,2020-02-06T12:00:34.430Z,0,615.32,06-Feb-2020,
440,5e3d51601163780008205183,QUESS,EQ,N,621.1,607.5,618.95,612.05,614.0,616.8,41298,25332930.7,824.8,385.55,3369,INE615P01015,2020-02-07,2020-02-06T18:30:00.000Z,2020-02-07T12:00:32.045Z,2020-02-07T12:00:32.045Z,0,613.42,07-Feb-2020,
441,5e4145fe792b6d000835923a,QUESS,EQ,N,617.8,598.0,617.8,600.7,598.0,612.05,48215,29226379.35,824.8,385.55,3424,INE615P01015,2020-02-10,2020-02-09T18:30:00.000Z,2020-02-10T12:01:02.208Z,2020-02-10T12:01:02.208Z,0,606.17,10-Feb-2020,
442,5e42977eb371e50008f85591,QUESS,EQ,N,606.55,565.25,599.2,578.0,581.6,600.7,169228,98710457.3,824.8,385.55,14336,INE615P01015,2020-02-11,2020-02-10T18:30:00.000Z,2020-02-11T12:01:02.746Z,2020-02-11T12:01:02.746Z,0,583.3,11-Feb-2020,
443,5e43e8feffef84000809baeb,QUESS,EQ,N,590.0,571.3,584.0,580.1,577.55,578.0,92569,53518553.4,824.8,385.55,6640,INE615P01015,2020-02-12,2020-02-11T18:30:00.000Z,2020-02-12T12:01:02.972Z,2020-02-12T12:01:02.972Z,0,578.15,12-Feb-2020,
444,5e453a606a25560008635c74,QUESS,EQ,N,599.0,577.1,584.7,590.1,589.0,580.1,99263,58688742.35,824.8,385.55,6648,INE615P01015,2020-02-13,2020-02-12T18:30:00.000Z,2020-02-13T12:00:32.199Z,2020-02-13T12:00:32.199Z,0,591.24,13-Feb-2020,
445,5e468bfee8dfc60008d8d3aa,QUESS,EQ,N,604.9,583.3,591.0,590.75,587.0,590.1,133564,79852687.55,824.8,385.55,14491,INE615P01015,2020-02-14,2020-02-13T18:30:00.000Z,2020-02-14T12:01:02.315Z,2020-02-14T12:01:02.315Z,0,597.86,14-Feb-2020,
446,5e4a8064a9e763000816e93f,QUESS,EQ,N,592.45,577.05,590.75,589.05,589.4,590.75,93572,54692442.95,824.8,385.55,6489,INE615P01015,2020-02-17,2020-02-16T18:30:00.000Z,2020-02-17T12:00:36.335Z,2020-02-17T12:00:36.335Z,0,584.5,17-Feb-2020,
447,5e4bd1fdba0d890008570f8c,QUESS,EQ,N,588.4,572.0,587.55,579.85,578.0,589.05,68025,39298796.75,824.8,385.55,4978,INE615P01015,2020-02-18,2020-02-17T18:30:00.000Z,2020-02-18T12:01:01.921Z,2020-02-18T12:01:01.921Z,0,577.71,18-Feb-2020,
448,5e4d2363dce3890008feea37,QUESS,EQ,N,586.65,544.3,584.25,553.95,548.0,579.85,171789,96915168.9,824.8,385.55,13595,INE615P01015,2020-02-19,2020-02-18T18:30:00.000Z,2020-02-19T12:00:35.896Z,2020-02-19T12:00:35.896Z,0,564.15,19-Feb-2020,
449,5e4e74feae37a3000817ffc4,QUESS,EQ,N,552.85,541.8,547.85,544.15,544.0,553.95,86562,47384974.75,824.8,385.55,4415,INE615P01015,2020-02-20,2020-02-19T18:30:00.000Z,2020-02-20T12:01:02.575Z,2020-02-20T12:01:02.575Z,0,547.41,20-Feb-2020,
450,5e53bafe39d4590008a0592f,QUESS,EQ,N,548.85,531.15,538.8,536.05,532.15,544.15,103057,55539808.9,824.8,385.55,6546,INE615P01015,2020-02-24,2020-02-23T18:30:00.000Z,2020-02-24T12:01:02.518Z,2020-02-24T12:01:02.518Z,0,538.92,24-Feb-2020,
451,5e550c604766bc00083dc3b7,QUESS,EQ,N,549.65,532.45,537.0,535.05,535.0,536.05,79122,42643709.2,824.8,385.55,5003,INE615P01015,2020-02-25,2020-02-24T18:30:00.000Z,2020-02-25T12:00:32.923Z,2020-02-25T12:00:32.923Z,0,538.96,25-Feb-2020,
452,5e565de25a6517000885af6c,QUESS,EQ,N,544.0,521.1,530.95,536.05,536.6,535.05,85090,45364478.1,824.8,385.55,7429,INE615P01015,2020-02-26,2020-02-25T18:30:00.000Z,2020-02-26T12:00:34.401Z,2020-02-26T12:00:34.401Z,0,533.14,26-Feb-2020,
453,5e57af62a6a62e0008780268,QUESS,EQ,N,544.7,526.0,537.8,538.85,538.0,536.05,66468,35731237.3,824.8,385.55,6099,INE615P01015,2020-02-27,2020-02-26T18:30:00.000Z,2020-02-27T12:00:34.313Z,2020-02-27T12:00:34.313Z,0,537.57,27-Feb-2020,
454,5dee377e88cd7d0008bf1914,QUESS,EQ,N,489.7,447.2,478.95,450.5,448.0,477.2,207260,96932180.7,824.8,385.55,11265,INE615P01015,2019-12-09,2019-12-08T18:30:00.000Z,2019-12-09T12:01:02.955Z,2019-12-09T12:01:02.955Z,0,467.68,09-Dec-2019,
455,5def88fee7000d0008c6ddc5,QUESS,EQ,N,464.0,448.0,451.8,456.45,457.9,450.5,189504,86349900.55,824.8,385.55,9564,INE615P01015,2019-12-10,2019-12-09T18:30:00.000Z,2019-12-10T12:01:02.495Z,2019-12-10T12:01:02.495Z,0,455.66,10-Dec-2019,
456,5df0da7e173f8f0008c57624,QUESS,EQ,N,467.7,454.0,454.0,459.65,461.5,456.45,86755,40144839.8,824.8,385.55,6342,INE615P01015,2019-12-11,2019-12-10T18:30:00.000Z,2019-12-11T12:01:02.837Z,2019-12-11T12:01:02.837Z,0,462.74,11-Dec-2019,
457,5df22bfe68de3f00088eabb7,QUESS,EQ,N,481.15,461.3,463.8,478.45,478.25,459.65,85363,40430664.2,824.8,385.55,5874,INE615P01015,2019-12-12,2019-12-11T18:30:00.000Z,2019-12-12T12:01:02.128Z,2019-12-12T12:01:02.128Z,0,473.63,12-Dec-2019,
458,5df37d7e95c8b10009441401,QUESS,EQ,N,483.5,474.0,475.2,477.15,476.45,478.45,79639,38013616.6,824.8,385.55,4474,INE615P01015,2019-12-13,2019-12-12T18:30:00.000Z,2019-12-13T12:01:02.364Z,2019-12-13T12:01:02.364Z,0,477.32,13-Dec-2019,
459,5df771fe673a0c0008d2cef2,QUESS,EQ,N,484.0,476.0,479.9,479.95,479.1,477.15,88048,42362693.85,824.8,385.55,3820,INE615P01015,2019-12-16,2019-12-15T18:30:00.000Z,2019-12-16T12:01:02.655Z,2019-12-16T12:01:02.655Z,0,481.13,16-Dec-2019,
460,5df8c37e68de3f00088eb5ea,QUESS,EQ,N,500.0,480.75,482.55,493.05,495.5,479.95,148416,73209407.2,824.8,385.55,10025,INE615P01015,2019-12-17,2019-12-16T18:30:00.000Z,2019-12-17T12:01:02.535Z,2019-12-17T12:01:02.535Z,0,493.27,17-Dec-2019,
461,5dfa14febda4b900080cb927,QUESS,EQ,N,519.7,494.25,497.55,506.8,507.6,493.05,389939,198059350.95,824.8,385.55,13670,INE615P01015,2019-12-18,2019-12-17T18:30:00.000Z,2019-12-18T12:01:02.329Z,2019-12-18T12:01:02.329Z,0,507.92,18-Dec-2019,
462,5dfb66629bc9a50008f1d93d,QUESS,EQ,N,516.85,501.55,508.7,508.25,508.4,506.8,113813,58168479.1,824.8,385.55,4734,INE615P01015,2019-12-19,2019-12-18T18:30:00.000Z,2019-12-19T12:00:34.700Z,2019-12-19T12:00:34.700Z,0,511.09,19-Dec-2019,
463,5dfcb7e20d56510008644ec3,QUESS,EQ,N,517.7,506.1,508.4,511.4,512.0,508.25,89052,45541241.85,824.8,385.55,7078,INE615P01015,2019-12-20,2019-12-19T18:30:00.000Z,2019-12-20T12:00:34.156Z,2019-12-20T12:00:34.156Z,0,511.4,20-Dec-2019,
464,5e00ac7efe98840008e7d4a9,QUESS,EQ,N,521.0,509.0,509.0,515.95,518.0,511.4,76346,39393072.6,824.8,385.55,4806,INE615P01015,2019-12-23,2019-12-22T18:30:00.000Z,2019-12-23T12:01:02.551Z,2019-12-23T12:01:02.551Z,0,515.98,23-Dec-2019,
465,5e01fdfe3538520008107a6e,QUESS,EQ,N,521.0,498.0,516.0,500.25,500.9,515.95,81037,41282076.9,824.8,385.55,5612,INE615P01015,2019-12-24,2019-12-23T18:30:00.000Z,2019-12-24T12:01:02.044Z,2019-12-24T12:01:02.044Z,0,509.42,24-Dec-2019,
466,5e04a35616f1bb0008a8ab4f,QUESS,EQ,N,507.0,479.0,496.6,480.5,482.0,500.25,256549,126166775.1,824.8,385.55,9423,INE615P01015,2019-12-26,2019-12-25T18:30:00.000Z,2019-12-26T12:11:02.308Z,2019-12-26T12:11:02.308Z,0,491.78,26-Dec-2019,
467,5e05f262f1221d0008ea5f44,QUESS,EQ,N,484.8,468.45,481.95,469.7,469.9,480.5,341622,162688537.1,824.8,385.55,8138,INE615P01015,2019-12-27,2019-12-26T18:30:00.000Z,2019-12-27T12:00:34.819Z,2019-12-27T12:00:34.819Z,0,476.22,27-Dec-2019,
468,5e09e6e1853e8f0008de2597,QUESS,EQ,N,484.0,462.05,470.0,481.25,483.0,469.7,252807,119214909.15,824.8,385.55,13332,INE615P01015,2019-12-30,2019-12-29T18:30:00.000Z,2019-12-30T12:00:33.949Z,2019-12-30T12:00:33.949Z,0,471.56,30-Dec-2019,
469,5e0b385d5c67aa00084af2c5,QUESS,EQ,N,496.0,474.1,480.9,484.65,482.25,481.25,316176,153443281.85,824.8,385.55,15597,INE615P01015,2019-12-31,2019-12-30T18:30:00.000Z,2019-12-31T12:00:29.527Z,2019-12-31T12:00:29.527Z,0,485.31,31-Dec-2019,
470,5e0c89fe7eca93000835cc8b,QUESS,EQ,N,490.95,479.55,484.85,482.85,480.05,484.65,53889,26096815.65,824.8,385.55,2926,INE615P01015,2020-01-01,2019-12-31T18:30:00.000Z,2020-01-01T12:01:02.400Z,2020-01-01T12:01:02.400Z,0,484.27,01-Jan-2020,
471,5e0ddb7ea604190008fe6143,QUESS,EQ,N,510.0,480.15,484.65,503.2,509.9,482.85,311806,155188214.35,824.8,385.55,12919,INE615P01015,2020-01-02,2020-01-01T18:30:00.000Z,2020-01-02T12:01:02.823Z,2020-01-02T12:01:02.823Z,0,497.71,02-Jan-2020,
472,5e0f2ce0bb6d660008439ba9,QUESS,EQ,N,532.8,508.0,510.0,525.2,525.0,503.2,637268,333392594.55,824.8,385.55,23600,INE615P01015,2020-01-03,2020-01-02T18:30:00.000Z,2020-01-03T12:00:32.632Z,2020-01-03T12:00:32.632Z,0,523.16,03-Jan-2020,
473,5e132160ab77820008ef0dd0,QUESS,EQ,N,520.85,504.3,520.5,515.6,515.5,525.2,234596,120564901.3,824.8,385.55,22891,INE615P01015,2020-01-06,2020-01-05T18:30:00.000Z,2020-01-06T12:00:32.797Z,2020-01-06T12:00:32.797Z,0,513.93,06-Jan-2020,
474,5e1472e209e5d5000818ef4f,QUESS,EQ,N,526.4,506.0,516.5,511.65,509.15,515.6,161004,82596659.5,824.8,385.55,14735,INE615P01015,2020-01-07,2020-01-06T18:30:00.000Z,2020-01-07T12:00:34.743Z,2020-01-07T12:00:34.743Z,0,513.01,07-Jan-2020,
475,5e15c47ea5900600085782cd,QUESS,EQ,N,533.0,504.6,507.5,527.05,522.8,511.65,256361,133541654.0,824.8,385.55,13084,INE615P01015,2020-01-08,2020-01-07T18:30:00.000Z,2020-01-08T12:01:02.752Z,2020-01-08T12:01:02.752Z,0,520.91,08-Jan-2020,
476,5e1715df58fadb000853ae39,QUESS,EQ,N,545.0,528.15,533.0,537.0,538.0,527.05,213679,114566035.2,824.8,385.55,10495,INE615P01015,2020-01-09,2020-01-08T18:30:00.000Z,2020-01-09T12:00:31.923Z,2020-01-09T12:00:31.923Z,0,536.16,09-Jan-2020,
477,5e18677e8ce1e80008628c15,QUESS,EQ,N,560.0,537.5,537.5,545.9,544.3,537.0,991394,541055208.9,824.8,385.55,8815,INE615P01015,2020-01-10,2020-01-09T18:30:00.000Z,2020-01-10T12:01:02.686Z,2020-01-10T12:01:02.686Z,0,545.75,10-Jan-2020,
478,5e1c5be01810e200086e0b38,QUESS,EQ,N,574.95,545.0,547.95,567.55,569.35,545.9,222767,125135554.9,824.8,385.55,10592,INE615P01015,2020-01-13,2020-01-12T18:30:00.000Z,2020-01-13T12:00:32.861Z,2020-01-13T12:00:32.861Z,0,561.73,13-Jan-2020,
479,5e1dad7edcdcd40008fc068d,QUESS,EQ,N,575.0,556.55,569.35,562.45,562.15,567.55,173646,98045035.45,824.8,385.55,10614,INE615P01015,2020-01-14,2020-01-13T18:30:00.000Z,2020-01-14T12:01:02.611Z,2020-01-14T12:01:02.611Z,0,564.63,14-Jan-2020,
480,5e1efee223a9bc00085db026,QUESS,EQ,N,563.75,549.75,563.0,557.2,553.15,562.45,87812,48806255.35,824.8,385.55,3667,INE615P01015,2020-01-15,2020-01-14T18:30:00.000Z,2020-01-15T12:00:34.962Z,2020-01-15T12:00:34.962Z,0,555.8,15-Jan-2020,
481,5e20507ea4665300085b8e41,QUESS,EQ,N,579.0,553.0,557.0,566.1,564.2,557.2,134302,76161645.15,824.8,385.55,9427,INE615P01015,2020-01-16,2020-01-15T18:30:00.000Z,2020-01-16T12:01:02.411Z,2020-01-16T12:01:02.411Z,0,567.09,16-Jan-2020,
482,5e21a1e036099d0008e3d0fc,QUESS,EQ,N,579.5,559.0,568.0,564.95,565.95,566.1,131011,74527584.75,824.8,385.55,6542,INE615P01015,2020-01-17,2020-01-16T18:30:00.000Z,2020-01-17T12:00:32.411Z,2020-01-17T12:00:32.411Z,0,568.87,17-Jan-2020,
483,5db97b7ea6d3830008cac794,QUESS,EQ,N,475.5,469.05,471.4,474.05,475.0,468.65,170560,80574312.35,824.8,385.55,7317,INE615P01015,2019-10-30,2019-10-29T18:30:00.000Z,2019-10-30T12:01:02.666Z,2019-10-30T12:01:02.666Z,0,472.41,30-Oct-2019,
484,5dbaccff865268000831c28c,QUESS,EQ,N,554.0,476.0,478.1,518.8,516.55,474.05,2653346,1392410263.7,824.8,385.55,63443,INE615P01015,2019-10-31,2019-10-30T18:30:00.000Z,2019-10-31T12:01:03.538Z,2019-10-31T12:01:03.538Z,0,524.78,31-Oct-2019,
485,5dbc1e7e2febd800088c4d29,QUESS,EQ,N,518.0,493.5,515.0,498.7,496.0,518.8,221104,111618893.1,824.8,385.55,7964,INE615P01015,2019-11-01,2019-10-31T18:30:00.000Z,2019-11-01T12:01:02.492Z,2019-11-01T12:01:02.492Z,0,504.83,01-Nov-2019,
486,5dc012fe15a6300008524608,QUESS,EQ,N,514.0,490.55,498.5,495.25,495.0,498.7,206828,103529855.45,824.8,385.55,11966,INE615P01015,2019-11-04,2019-11-03T18:30:00.000Z,2019-11-04T12:01:02.824Z,2019-11-04T12:01:02.824Z,0,500.56,04-Nov-2019,
487,5dc1647ec2584d0008e74bb9,QUESS,EQ,N,521.75,496.0,496.0,510.55,512.45,495.25,404850,206028067.55,824.8,385.55,10970,INE615P01015,2019-11-05,2019-11-04T18:30:00.000Z,2019-11-05T12:01:02.931Z,2019-11-05T12:01:02.931Z,0,508.9,05-Nov-2019,
488,5dc2b5fe1e6b7b0008938aea,QUESS,EQ,N,515.0,505.3,510.0,510.15,510.0,510.55,144413,73785293.65,824.8,385.55,6055,INE615P01015,2019-11-06,2019-11-05T18:30:00.000Z,2019-11-06T12:01:02.521Z,2019-11-06T12:01:02.521Z,0,510.93,06-Nov-2019,
489,5dc4077e149abc00089a2a02,QUESS,EQ,N,536.35,510.15,510.15,516.75,515.55,510.15,241280,126478909.2,824.8,385.55,11633,INE615P01015,2019-11-07,2019-11-06T18:30:00.000Z,2019-11-07T12:01:02.872Z,2019-11-07T12:01:02.872Z,0,524.2,07-Nov-2019,
490,5dc558ff149abc00089a3365,QUESS,EQ,N,533.0,510.5,514.8,526.95,533.0,516.75,156171,81853918.2,824.8,385.55,6288,INE615P01015,2019-11-08,2019-11-07T18:30:00.000Z,2019-11-08T12:01:03.033Z,2019-11-08T12:01:03.033Z,0,524.13,08-Nov-2019,
491,5dc94d7ef9478700083602f0,QUESS,EQ,N,543.9,525.0,533.0,529.9,530.1,526.95,176610,94035540.9,824.8,385.55,8450,INE615P01015,2019-11-11,2019-11-10T18:30:00.000Z,2019-11-11T12:01:02.746Z,2019-11-11T12:01:02.746Z,0,532.45,11-Nov-2019,
492,5dcbf07e09bcd50008068f21,QUESS,EQ,N,550.95,517.55,529.0,544.85,544.0,529.9,288449,155575960.2,824.8,385.55,11641,INE615P01015,2019-11-13,2019-11-12T18:30:00.000Z,2019-11-13T12:01:02.031Z,2019-11-13T12:01:02.031Z,0,539.35,13-Nov-2019,
493,5dcd41fe149abc00089a3e34,QUESS,EQ,N,590.0,528.35,547.5,567.55,576.6,544.85,350188,195014769.25,824.8,385.55,11811,INE615P01015,2019-11-14,2019-11-13T18:30:00.000Z,2019-11-14T12:01:02.832Z,2019-11-14T12:01:02.832Z,0,556.89,14-Nov-2019,
494,5dce937ec788bb000842ad02,QUESS,EQ,N,593.0,545.0,577.05,550.75,551.25,567.55,308471,176493828.05,824.8,385.55,12573,INE615P01015,2019-11-15,2019-11-14T18:30:00.000Z,2019-11-15T12:01:02.640Z,2019-11-15T12:01:02.640Z,0,572.16,15-Nov-2019,
495,5dd287e12711c60008ee2251,QUESS,EQ,N,565.0,533.0,555.0,555.25,552.1,550.75,139140,76018878.7,824.8,385.55,9028,INE615P01015,2019-11-18,2019-11-17T18:30:00.000Z,2019-11-18T12:00:33.102Z,2019-11-18T12:00:33.102Z,0,546.35,18-Nov-2019,
496,5dd3d9603cf4f80008a02574,QUESS,EQ,N,560.0,540.3,551.4,543.5,540.3,555.25,79383,43654400.3,824.8,385.55,4464,INE615P01015,2019-11-19,2019-11-18T18:30:00.000Z,2019-11-19T12:00:32.929Z,2019-11-19T12:00:32.929Z,0,549.92,19-Nov-2019,
497,5dd52ae076ea300008cbdfca,QUESS,EQ,N,551.55,525.2,545.4,528.1,528.0,543.5,131435,70228041.45,824.8,385.55,6715,INE615P01015,2019-11-20,2019-11-19T18:30:00.000Z,2019-11-20T12:00:32.894Z,2019-11-20T12:00:32.894Z,0,534.32,20-Nov-2019,
498,5dd67c7eaed06f00082c54ed,QUESS,EQ,N,533.0,515.55,530.8,520.5,521.0,528.1,69811,36484871.2,824.8,385.55,4083,INE615P01015,2019-11-21,2019-11-20T18:30:00.000Z,2019-11-21T12:01:02.282Z,2019-11-21T12:01:02.282Z,0,522.62,21-Nov-2019,
499,5dd7cde0e393f400086fc34e,QUESS,EQ,N,538.0,517.0,517.0,529.8,531.0,520.5,111417,58790167.55,824.8,385.55,4928,INE615P01015,2019-11-22,2019-11-21T18:30:00.000Z,2019-11-22T12:00:32.327Z,2019-11-22T12:00:32.327Z,0,527.66,22-Nov-2019,
500,5ddbc27e5b5f1e0008a2aea5,QUESS,EQ,N,538.4,526.4,530.45,531.8,529.95,529.8,72361,38557415.95,824.8,385.55,3731,INE615P01015,2019-11-25,2019-11-24T18:30:00.000Z,2019-11-25T12:01:02.658Z,2019-11-25T12:01:02.658Z,0,532.85,25-Nov-2019,
501,5ddd13feca03a80009b75a4c,QUESS,EQ,N,541.5,525.05,532.9,535.15,532.05,531.8,128582,68892676.9,824.8,385.55,6740,INE615P01015,2019-11-26,2019-11-25T18:30:00.000Z,2019-11-26T12:01:02.766Z,2019-11-26T12:01:02.766Z,0,535.79,26-Nov-2019,
502,5dde657e640e900008bf9938,QUESS,EQ,N,537.3,524.8,535.0,527.2,526.9,535.15,62890,33453042.5,824.8,385.55,5583,INE615P01015,2019-11-27,2019-11-26T18:30:00.000Z,2019-11-27T12:01:02.349Z,2019-11-27T12:01:02.349Z,0,531.93,27-Nov-2019,
503,5ddfb6feb2beec0008e34d56,QUESS,EQ,N,530.1,522.0,524.35,525.55,524.0,527.2,50240,26400470.2,824.8,385.55,2344,INE615P01015,2019-11-28,2019-11-27T18:30:00.000Z,2019-11-28T12:01:02.723Z,2019-11-28T12:01:02.723Z,0,525.49,28-Nov-2019,
504,5de108604c2b41000880435f,QUESS,EQ,N,529.6,516.35,522.65,520.0,520.15,525.55,139783,73120845.95,824.8,385.55,6067,INE615P01015,2019-11-29,2019-11-28T18:30:00.000Z,2019-11-29T12:00:32.641Z,2019-11-29T12:00:32.641Z,0,523.1,29-Nov-2019,
505,5de4fcfe06ab980008378355,QUESS,EQ,N,524.0,516.5,523.2,519.9,520.0,520.0,103854,53987281.4,824.8,385.55,6003,INE615P01015,2019-12-02,2019-12-01T18:30:00.000Z,2019-12-02T12:01:02.755Z,2019-12-02T12:01:02.755Z,0,519.84,02-Dec-2019,
506,5dfb2a97999fe80008e7e96f,QUESS,EQ,N,526.45,518.0,520.0,520.35,520.0,519.9,47011,24492991.2,824.8,385.55,2370,INE615P01015,2019-12-03,2019-12-02T18:30:00.000Z,2019-12-19T07:45:27.747Z,2019-12-19T07:45:27.747Z,0,521.01,03-Dec-2019,
507,5de79ffe640e900008bfcf76,QUESS,EQ,N,518.6,502.0,518.0,504.05,504.0,520.35,63102,32093761.45,824.8,385.55,4136,INE615P01015,2019-12-04,2019-12-03T18:30:00.000Z,2019-12-04T12:01:02.129Z,2019-12-04T12:01:02.129Z,0,508.6,04-Dec-2019,
508,5de8f16093ae890008a4a5bc,QUESS,EQ,N,505.0,470.0,505.0,487.3,488.0,504.05,239367,116406622.6,824.8,385.55,10940,INE615P01015,2019-12-05,2019-12-04T18:30:00.000Z,2019-12-05T12:00:32.786Z,2019-12-05T12:00:32.786Z,0,486.31,05-Dec-2019,
509,5dea42fe643d80000872c460,QUESS,EQ,N,491.9,474.0,489.0,477.2,477.0,487.3,91783,44110002.5,824.8,385.55,6721,INE615P01015,2019-12-06,2019-12-05T18:30:00.000Z,2019-12-06T12:01:02.700Z,2019-12-06T12:01:02.700Z,0,480.59,06-Dec-2019,
510,5dee377e88cd7d0008bf1914,QUESS,EQ,N,489.7,447.2,478.95,450.5,448.0,477.2,207260,96932180.7,824.8,385.55,11265,INE615P01015,2019-12-09,2019-12-08T18:30:00.000Z,2019-12-09T12:01:02.955Z,2019-12-09T12:01:02.955Z,0,467.68,09-Dec-2019,
